0.00000000	 1777.51961198
0.50000000	 1145.58776895
1.00000000	 674.13196042
1.50000000	 489.02855492
2.00000000	 387.80545958
2.50000000	 323.33686742
3.00000000	 278.40740454
3.50000000	 245.16192641
4.00000000	 219.49153961
4.50000000	 199.02481181
5.00000000	 182.29641974
5.50000000	 168.34758954
6.00000000	 156.52684723
6.50000000	 146.37088540
7.00000000	 137.54549885
7.50000000	 129.79954662
8.00000000	 122.94292924
8.50000000	 116.82657147
9.00000000	 111.33642106
9.50000000	 106.37743892
10.00000000	 101.87459112
10.50000000	 97.76735464
11.00000000	 94.00421130
11.50000000	 90.54284528
12.00000000	 87.34774472
12.50000000	 84.38859977
13.00000000	 81.63980230
13.50000000	 79.07924586
14.00000000	 76.68782487
14.50000000	 74.44903478
15.00000000	 72.34837179
15.50000000	 70.37313242
16.00000000	 68.51231389
16.50000000	 66.75601390
17.00000000	 65.09553038
17.50000000	 63.52306162
18.00000000	 62.03160603
18.50000000	 60.61496221
19.00000000	 59.26752907
19.50000000	 57.98420540
20.00000000	 56.76059043
20.50000000	 55.59238343
21.00000000	 54.47588353
21.50000000	 53.40769022
22.00000000	 52.38460279
22.50000000	 51.40392086
23.00000000	 50.46284412
23.50000000	 49.55897177
24.00000000	 48.69030373
24.50000000	 47.85453967
25.00000000	 47.04997911
25.50000000	 46.27482195
26.00000000	 45.52746798
26.50000000	 44.80631681
27.00000000	 44.11016824
27.50000000	 43.43762227
28.00000000	 42.78747859
28.50000000	 42.15863711
29.00000000	 41.54999773
29.50000000	 40.96056004
30.00000000	 40.38962417
30.50000000	 39.83609008
31.00000000	 39.29925749
31.50000000	 38.77832641
32.00000000	 38.27259672
32.50000000	 37.78136823
33.00000000	 37.30414094
33.50000000	 36.84021485
34.00000000	 36.38908986
34.50000000	 35.95016597
35.00000000	 35.52294297
35.50000000	 35.10702088
36.00000000	 34.70189969
36.50000000	 34.30717929
37.00000000	 33.92245970
37.50000000	 33.54734080
38.00000000	 33.18152271
38.50000000	 32.82450521
39.00000000	 32.47618842
39.50000000	 32.13597222
40.00000000	 31.80385642
40.50000000	 31.47944143
41.00000000	 31.16232683
41.50000000	 30.85251274
42.00000000	 30.54949914
42.50000000	 30.25328594
43.00000000	 29.96347335
43.50000000	 29.67986094
44.00000000	 29.40244905
44.50000000	 29.13073755
45.00000000	 28.86482635
45.50000000	 28.60431566
46.00000000	 28.34910516
46.50000000	 28.09909496
47.00000000	 27.85408506
47.50000000	 27.61397556
48.00000000	 27.37846636
48.50000000	 27.14755726
49.00000000	 26.92114857
49.50000000	 26.69894017
50.00000000	 26.48093187
50.50000000	 26.26702387
51.00000000	 26.05701607
51.50000000	 25.85090847
52.00000000	 25.64850117
52.50000000	 25.44969397
53.00000000	 25.25448708
53.50000000	 25.06258028
54.00000000	 24.87417358
54.50000000	 24.68896728
55.00000000	 24.50686098
55.50000000	 24.32795488
56.00000000	 24.15194898
56.50000000	 23.97894308
57.00000000	 23.80883748
57.50000000	 23.64143198
58.00000000	 23.47682658
58.50000000	 23.31482138
59.00000000	 23.15541629
59.50000000	 22.99851129
60.00000000	 22.84410639
60.50000000	 22.69210159
61.00000000	 22.54249699
61.50000000	 22.39509249
62.00000000	 22.24998799
62.50000000	 22.10708359
63.00000000	 21.96637939
63.50000000	 21.82767539
64.00000000	 21.69097129
64.50000000	 21.55636729
65.00000000	 21.42366339
65.50000000	 21.29295959
66.00000000	 21.16405599
66.50000000	 21.03695239
67.00000000	 20.91164879
67.50000000	 20.78814529
68.00000000	 20.66634189
68.50000000	 20.54623859
69.00000000	 20.42773529
69.50000000	 20.31093209
70.00000000	 20.19562899
70.50000000	 20.08192599
71.00000000	 19.96962299
71.50000000	 19.85891999
72.00000000	 19.74961709
72.50000000	 19.64181429
73.00000000	 19.53531159
73.50000000	 19.43020879
74.00000000	 19.32650609
74.50000000	 19.22410360
75.00000000	 19.12290099
75.50000000	 19.02309839
76.00000000	 18.92449600
76.50000000	 18.82709360
77.00000000	 18.73089130
77.50000000	 18.63578889
78.00000000	 18.54198660
78.50000000	 18.44918440
79.00000000	 18.35758210
79.50000000	 18.26708000
80.00000000	 18.17757790
80.50000000	 18.08917570
81.00000000	 18.00187370
81.50000000	 17.91547170
82.00000000	 17.83016970
82.50000000	 17.74576780
83.00000000	 17.66236590
83.50000000	 17.57986400
84.00000000	 17.49836210
84.50000000	 17.41776030
85.00000000	 17.33805850
85.50000000	 17.25925680
86.00000000	 17.18125510
86.50000000	 17.10415330
87.00000000	 17.02795170
87.50000000	 16.95245010
88.00000000	 16.87784840
88.50000000	 16.80404680
89.00000000	 16.73104530
89.50000000	 16.65874380
90.00000000	 16.58724220
90.50000000	 16.51654070
91.00000000	 16.44653930
91.50000000	 16.37723780
92.00000000	 16.30873640
92.50000000	 16.24083510
93.00000000	 16.17363360
93.50000000	 16.10723220
94.00000000	 16.04143100
94.50000000	 15.97622970
95.00000000	 15.91172830
95.50000000	 15.84792700
96.00000000	 15.78472580
96.50000000	 15.72212460
97.00000000	 15.66012330
97.50000000	 15.59882210
98.00000000	 15.53802100
98.50000000	 15.47781980
99.00000000	 15.41821860
99.50000000	 15.35921750
100.00000000	 15.30071640
100.50000000	 15.24281530
101.00000000	 15.18541420
101.50000000	 15.12861310
102.00000000	 15.07231210
102.50000000	 15.01651110
103.00000000	 14.96121000
103.50000000	 14.90650900
104.00000000	 14.85220810
104.50000000	 14.79840700
105.00000000	 14.74520600
105.50000000	 14.69240510
106.00000000	 14.64010420
106.50000000	 14.58820320
107.00000000	 14.53690230
107.50000000	 14.48590140
108.00000000	 14.43550050
108.50000000	 14.38539970
109.00000000	 14.33579870
109.50000000	 14.28669790
110.00000000	 14.23789710
110.50000000	 14.18959620
111.00000000	 14.14169540
111.50000000	 14.09419450
112.00000000	 14.04719370
112.50000000	 14.00049300
113.00000000	 13.95419220
113.50000000	 13.90829140
114.00000000	 13.86279070
114.50000000	 13.81758990
115.00000000	 13.77288910
115.50000000	 13.72848840
116.00000000	 13.68448770
116.50000000	 13.64078700
117.00000000	 13.59748620
117.50000000	 13.55458560
118.00000000	 13.51188490
118.50000000	 13.46968410
119.00000000	 13.42778350
119.50000000	 13.38618290
120.00000000	 13.34488220
120.50000000	 13.30398150
121.00000000	 13.26338090
121.50000000	 13.22308020
122.00000000	 13.18317960
122.50000000	 13.14347900
123.00000000	 13.10417840
123.50000000	 13.06507780
124.00000000	 13.02637720
124.50000000	 12.98787660
125.00000000	 12.94977600
125.50000000	 12.91187540
126.00000000	 12.87437480
126.50000000	 12.83707430
127.00000000	 12.80007370
127.50000000	 12.76337320
128.00000000	 12.72687260
128.50000000	 12.69077200
129.00000000	 12.65487160
129.50000000	 12.61917110
130.00000000	 12.58377050
130.50000000	 12.54866990
131.00000000	 12.51386940
131.50000000	 12.47926900
132.00000000	 12.44486850
132.50000000	 12.41076800
133.00000000	 12.37686750
133.50000000	 12.34326700
134.00000000	 12.30986650
134.50000000	 12.27676600
135.00000000	 12.24386560
135.50000000	 12.21116510
136.00000000	 12.17876460
136.50000000	 12.14656420
137.00000000	 12.11456370
137.50000000	 12.08286330
138.00000000	 12.05126290
138.50000000	 12.01996240
139.00000000	 11.98886200
139.50000000	 11.95796160
140.00000000	 11.92726110
140.50000000	 11.89686070
141.00000000	 11.86656030
141.50000000	 11.83655990
142.00000000	 11.80665950
142.50000000	 11.77705910
143.00000000	 11.74755870
143.50000000	 11.71835830
144.00000000	 11.68925800
144.50000000	 11.66035750
145.00000000	 11.63175710
145.50000000	 11.60325680
146.00000000	 11.57495640
146.50000000	 11.54685600
147.00000000	 11.51895570
147.50000000	 11.49115530
148.00000000	 11.46365490
148.50000000	 11.43625460
149.00000000	 11.40905430
149.50000000	 11.38195390
150.00000000	 11.35515350
150.50000000	 11.32845320
151.00000000	 11.30195280
151.50000000	 11.27565250
152.00000000	 11.24945220
152.50000000	 11.22345190
153.00000000	 11.19755160
153.50000000	 11.17185120
154.00000000	 11.14635090
154.50000000	 11.12095060
155.00000000	 11.09575020
155.50000000	 11.07074990
156.00000000	 11.04584970
156.50000000	 11.02104930
157.00000000	 10.99654900
157.50000000	 10.97204880
158.00000000	 10.94774840
158.50000000	 10.92364810
159.00000000	 10.89964790
159.50000000	 10.87574760
160.00000000	 10.85204720
160.50000000	 10.82854700
161.00000000	 10.80504670
161.50000000	 10.78184640
162.00000000	 10.75864620
162.50000000	 10.73564590
163.00000000	 10.71274560
163.50000000	 10.69004530
164.00000000	 10.66744510
164.50000000	 10.64494480
165.00000000	 10.62264450
165.50000000	 10.60044430
166.00000000	 10.57834400
166.50000000	 10.55644380
167.00000000	 10.53454360
167.50000000	 10.51284320
168.00000000	 10.49134300
168.50000000	 10.46984280
169.00000000	 10.44854250
169.50000000	 10.42734230
170.00000000	 10.40624200
170.50000000	 10.38534180
171.00000000	 10.36444160
171.50000000	 10.34374130
172.00000000	 10.32314110
172.50000000	 10.30264090
173.00000000	 10.28224060
173.50000000	 10.26204040
174.00000000	 10.24184020
174.50000000	 10.22184000
175.00000000	 10.20183980
175.50000000	 10.18203950
176.00000000	 10.16233930
176.50000000	 10.14273910
177.00000000	 10.12323890
177.50000000	 10.10383870
178.00000000	 10.08453840
178.50000000	 10.06543820
179.00000000	 10.04633810
179.50000000	 10.02733780
180.00000000	 10.00853760
180.50000000	 9.98973747
181.00000000	 9.97106723
181.50000000	 9.95250703
182.00000000	 9.93403684
182.50000000	 9.91566664
183.00000000	 9.89739644
183.50000000	 9.87922625
184.00000000	 9.86114606
184.50000000	 9.84316587
185.00000000	 9.82527569
185.50000000	 9.80747550
186.00000000	 9.78977531
186.50000000	 9.77216512
187.00000000	 9.75465494
187.50000000	 9.73722477
188.00000000	 9.71988459
188.50000000	 9.70263441
189.00000000	 9.68547423
189.50000000	 9.66840405
190.00000000	 9.65142388
190.50000000	 9.63452371
191.00000000	 9.61771353
191.50000000	 9.60099336
192.00000000	 9.58435320
192.50000000	 9.56779303
193.00000000	 9.55132286
193.50000000	 9.53493270
194.00000000	 9.51862254
194.50000000	 9.50239237
195.00000000	 9.48625221
195.50000000	 9.47018205
196.00000000	 9.45420189
196.50000000	 9.43829173
197.00000000	 9.42247157
197.50000000	 9.40672142
198.00000000	 9.39105127
198.50000000	 9.37545112
199.00000000	 9.35993096
199.50000000	 9.34449081
200.00000000	 9.32912066
200.50000000	 9.31383051
201.00000000	 9.29861036
201.50000000	 9.28347021
202.00000000	 9.26840007
202.50000000	 9.25339993
203.00000000	 9.23846978
203.50000000	 9.22361964
204.00000000	 9.20882950
204.50000000	 9.19411935
205.00000000	 9.17947922
205.50000000	 9.16489908
206.00000000	 9.15039894
206.50000000	 9.13595881
207.00000000	 9.12158867
207.50000000	 9.10728853
208.00000000	 9.09305840
208.50000000	 9.07888827
209.00000000	 9.06478813
209.50000000	 9.05075800
210.00000000	 9.03678788
210.50000000	 9.02287775
211.00000000	 9.00903761
211.50000000	 8.99526749
212.00000000	 8.98154737
212.50000000	 8.96789723
213.00000000	 8.95431711
213.50000000	 8.94078699
214.00000000	 8.92732686
214.50000000	 8.91392674
215.00000000	 8.90058662
215.50000000	 8.88730650
216.00000000	 8.87408638
216.50000000	 8.86092626
217.00000000	 8.84782614
217.50000000	 8.83478603
218.00000000	 8.82179591
218.50000000	 8.80887579
219.00000000	 8.79600568
219.50000000	 8.78319556
220.00000000	 8.77044545
220.50000000	 8.75774534
221.00000000	 8.74510522
221.50000000	 8.73252511
222.00000000	 8.71999500
222.50000000	 8.70752489
223.00000000	 8.69510478
223.50000000	 8.68274467
224.00000000	 8.67043457
224.50000000	 8.65817446
225.00000000	 8.64597435
225.50000000	 8.63382425
226.00000000	 8.62172414
226.50000000	 8.60968403
227.00000000	 8.59769393
227.50000000	 8.58575383
228.00000000	 8.57386373
228.50000000	 8.56202363
229.00000000	 8.55023352
229.50000000	 8.53850342
230.00000000	 8.52681332
230.50000000	 8.51518322
231.00000000	 8.50359313
231.50000000	 8.49205303
232.00000000	 8.48056293
232.50000000	 8.46912283
233.00000000	 8.45773274
233.50000000	 8.44638264
234.00000000	 8.43509254
234.50000000	 8.42384246
235.00000000	 8.41263236
235.50000000	 8.40148226
236.00000000	 8.39037217
236.50000000	 8.37931208
237.00000000	 8.36829199
237.50000000	 8.35732190
238.00000000	 8.34639181
238.50000000	 8.33551171
239.00000000	 8.32468163
239.50000000	 8.31388154
240.00000000	 8.30314145
240.50000000	 8.29243137
241.00000000	 8.28177127
241.50000000	 8.27116118
242.00000000	 8.26059110
242.50000000	 8.25006102
243.00000000	 8.23957094
243.50000000	 8.22912085
244.00000000	 8.21872076
244.50000000	 8.20836068
245.00000000	 8.19804060
245.50000000	 8.18776051
246.00000000	 8.17753043
246.50000000	 8.16733035
247.00000000	 8.15718027
247.50000000	 8.14706019
248.00000000	 8.13699010
248.50000000	 8.12696003
249.00000000	 8.11695995
249.50000000	 8.10700987
250.00000000	 8.09708980
250.50000000	 8.08720971
251.00000000	 8.07737963
251.50000000	 8.06757956
252.00000000	 8.05781948
252.50000000	 8.04809941
253.00000000	 8.03840934
253.50000000	 8.02875925
254.00000000	 8.01915918
254.50000000	 8.00957911
255.00000000	 8.00004903
255.50000000	 7.99054896
256.00000000	 7.98108888
256.50000000	 7.97166881
257.00000000	 7.96227875
257.50000000	 7.95291867
258.00000000	 7.94360859
258.50000000	 7.93432853
259.00000000	 7.92507846
259.50000000	 7.91586838
260.00000000	 7.90669831
260.50000000	 7.89755825
261.00000000	 7.88844818
261.50000000	 7.87937811
262.00000000	 7.87033804
262.50000000	 7.86133797
263.00000000	 7.85236790
263.50000000	 7.84343784
264.00000000	 7.83452777
264.50000000	 7.82566770
265.00000000	 7.81682764
265.50000000	 7.80802757
266.00000000	 7.79925751
266.50000000	 7.79051744
267.00000000	 7.78181737
267.50000000	 7.77314731
268.00000000	 7.76450725
268.50000000	 7.75589719
269.00000000	 7.74731712
269.50000000	 7.73877706
270.00000000	 7.73025700
270.50000000	 7.72177693
271.00000000	 7.71332687
271.50000000	 7.70490681
272.00000000	 7.69651675
272.50000000	 7.68815669
273.00000000	 7.67982662
273.50000000	 7.67153656
274.00000000	 7.66326651
274.50000000	 7.65502645
275.00000000	 7.64681639
275.50000000	 7.63863633
276.00000000	 7.63048627
276.50000000	 7.62236621
277.00000000	 7.61427615
277.50000000	 7.60621610
278.00000000	 7.59817604
278.50000000	 7.59017598
279.00000000	 7.58219592
279.50000000	 7.57425586
280.00000000	 7.56633581
280.50000000	 7.55844576
281.00000000	 7.55057570
281.50000000	 7.54274564
282.00000000	 7.53493559
282.50000000	 7.52715554
283.00000000	 7.51939548
283.50000000	 7.51167542
284.00000000	 7.50397537
284.50000000	 7.49630532
285.00000000	 7.48865527
285.50000000	 7.48103521
286.00000000	 7.47344515
286.50000000	 7.46588510
287.00000000	 7.45834505
287.50000000	 7.45083500
288.00000000	 7.44334495
288.50000000	 7.43588490
289.00000000	 7.42844485
289.50000000	 7.42103479
290.00000000	 7.41365474
290.50000000	 7.40629470
291.00000000	 7.39895464
291.50000000	 7.39165459
292.00000000	 7.38436455
292.50000000	 7.37710449
293.00000000	 7.36987444
293.50000000	 7.36266440
294.00000000	 7.35547435
294.50000000	 7.34831429
295.00000000	 7.34118424
295.50000000	 7.33407420
296.00000000	 7.32698416
296.50000000	 7.31991411
297.00000000	 7.31287406
297.50000000	 7.30585401
298.00000000	 7.29886396
298.50000000	 7.29189392
299.00000000	 7.28494387
299.50000000	 7.27802382
300.00000000	 7.27112378
300.50000000	 7.26424373
301.00000000	 7.25739368
301.50000000	 7.25056364
302.00000000	 7.24375360
302.50000000	 7.23696355
303.00000000	 7.23020351
303.50000000	 7.22345347
304.00000000	 7.21673341
304.50000000	 7.21004337
305.00000000	 7.20336333
305.50000000	 7.19671329
306.00000000	 7.19007325
306.50000000	 7.18346320
307.00000000	 7.17687315
307.50000000	 7.17031311
308.00000000	 7.16376307
308.50000000	 7.15724303
309.00000000	 7.15073299
309.50000000	 7.14425294
310.00000000	 7.13779290
310.50000000	 7.13135286
311.00000000	 7.12493282
311.50000000	 7.11853278
312.00000000	 7.11215274
312.50000000	 7.10579270
313.00000000	 7.09945266
313.50000000	 7.09313261
314.00000000	 7.08684257
314.50000000	 7.08056254
315.00000000	 7.07430249
315.50000000	 7.06807245
316.00000000	 7.06185242
316.50000000	 7.05565238
317.00000000	 7.04947234
317.50000000	 7.04331230
318.00000000	 7.03717226
318.50000000	 7.03105222
319.00000000	 7.02495218
319.50000000	 7.01887214
320.00000000	 7.01281210
320.50000000	 7.00677207
321.00000000	 7.00074203
321.50000000	 6.99474199
322.00000000	 6.98875196
322.50000000	 6.98278192
323.00000000	 6.97683188
323.50000000	 6.97090184
324.00000000	 6.96499181
324.50000000	 6.95909177
325.00000000	 6.95322173
325.50000000	 6.94736170
326.00000000	 6.94152166
326.50000000	 6.93570162
327.00000000	 6.92990159
327.50000000	 6.92411156
328.00000000	 6.91834152
328.50000000	 6.91259148
329.00000000	 6.90686145
329.50000000	 6.90114141
330.00000000	 6.89545137
330.50000000	 6.88977135
331.00000000	 6.88410131
331.50000000	 6.87846127
332.00000000	 6.87283124
332.50000000	 6.86722121
333.00000000	 6.86162118
333.50000000	 6.85604114
334.00000000	 6.85048110
334.50000000	 6.84494107
335.00000000	 6.83941104
335.50000000	 6.83390100
336.00000000	 6.82841097
336.50000000	 6.82293094
337.00000000	 6.81747091
337.50000000	 6.81202088
338.00000000	 6.80659084
338.50000000	 6.80118081
339.00000000	 6.79578078
339.50000000	 6.79040074
340.00000000	 6.78504071
340.50000000	 6.77969068
341.00000000	 6.77436065
341.50000000	 6.76904062
342.00000000	 6.76374058
342.50000000	 6.75846055
343.00000000	 6.75319053
343.50000000	 6.74793050
344.00000000	 6.74269046
344.50000000	 6.73747043
345.00000000	 6.73226040
345.50000000	 6.72707037
346.00000000	 6.72189034
346.50000000	 6.71673031
347.00000000	 6.71158028
347.50000000	 6.70645025
348.00000000	 6.70133022
348.50000000	 6.69623019
349.00000000	 6.69114016
349.50000000	 6.68607013
350.00000000	 6.68101010
350.50000000	 6.67597007
351.00000000	 6.67094005
351.50000000	 6.66592002
352.00000000	 6.66091998
352.50000000	 6.65593996
353.00000000	 6.65095993
353.50000000	 6.64600990
354.00000000	 6.64105987
354.50000000	 6.63613984
355.00000000	 6.63121982
355.50000000	 6.62631979
356.00000000	 6.62142976
356.50000000	 6.61655973
357.00000000	 6.61169970
357.50000000	 6.60685967
358.00000000	 6.60202965
358.50000000	 6.59720963
359.00000000	 6.59239960
359.50000000	 6.58760956
360.00000000	 6.58283954
360.50000000	 6.57806952
361.00000000	 6.57331948
361.50000000	 6.56858946
362.00000000	 6.56385944
362.50000000	 6.55914940
363.00000000	 6.55445938
363.50000000	 6.54976936
364.00000000	 6.54509933
364.50000000	 6.54043930
365.00000000	 6.53579927
365.50000000	 6.53116925
366.00000000	 6.52654923
366.50000000	 6.52193920
367.00000000	 6.51734917
367.50000000	 6.51276915
368.00000000	 6.50819912
368.50000000	 6.50364910
369.00000000	 6.49909908
369.50000000	 6.49456904
370.00000000	 6.49005902
370.50000000	 6.48554900
371.00000000	 6.48105897
371.50000000	 6.47657895
372.00000000	 6.47210893
372.50000000	 6.46764890
373.00000000	 6.46320887
373.50000000	 6.45877885
374.00000000	 6.45435883
374.50000000	 6.44994881
375.00000000	 6.44554878
375.50000000	 6.44116875
376.00000000	 6.43679873
376.50000000	 6.43243871
377.00000000	 6.42808868
377.50000000	 6.42375866
378.00000000	 6.41942864
378.50000000	 6.41511861
379.00000000	 6.41081859
379.50000000	 6.40652857
380.00000000	 6.40224855
380.50000000	 6.39797852
381.00000000	 6.39372850
381.50000000	 6.38947848
382.00000000	 6.38524845
382.50000000	 6.38102843
383.00000000	 6.37681841
383.50000000	 6.37261838
384.00000000	 6.36843836
384.50000000	 6.36425835
385.00000000	 6.36008832
385.50000000	 6.35593829
386.00000000	 6.35179827
386.50000000	 6.34766826
387.00000000	 6.34353824
387.50000000	 6.33942820
388.00000000	 6.33533818
388.50000000	 6.33124817
389.00000000	 6.32716815
389.50000000	 6.32309812
390.00000000	 6.31904810
390.50000000	 6.31499808
391.00000000	 6.31096806
391.50000000	 6.30693804
392.00000000	 6.30292802
392.50000000	 6.29891800
393.00000000	 6.29492797
393.50000000	 6.29094795
394.00000000	 6.28697794
394.50000000	 6.28300792
395.00000000	 6.27905789
395.50000000	 6.27511787
396.00000000	 6.27118785
396.50000000	 6.26726783
397.00000000	 6.26335781
397.50000000	 6.25945779
398.00000000	 6.25556777
398.50000000	 6.25168775
399.00000000	 6.24781773
399.50000000	 6.24395771
400.00000000	 6.24010770
