C ***************************************************************
C C.1: Source
C ***************************************************************
SDEF
        X=0 Y=d1 Z=d2
        VEC=1 0 0
        DIR=-1 PAR=d3 ERG=fpar=d4 TR=1
SI1 -0.2500 0.2500
SP1 0 1
SI2 -0.2500 0.2500
SP2 0 1
SI3 L 1 2
SP3 1 1
DS4 S 5 6
SI5 H
        1.000000e-10
        1.000000e-09
        1.000000e-08
        2.530000e-08
        5.000000e-08
        1.000000e-07
        2.000000e-07
        5.000000e-07
        1.000000e-06
        2.000000e-06
        5.000000e-06
        1.000000e-05
        2.000000e-05
        5.000000e-05
        1.000000e-04
        2.000000e-04
        5.000000e-04
        1.000000e-03
        2.000000e-03
        5.000000e-03
        1.000000e-02
        2.000000e-02
        3.000000e-02
        5.000000e-02
        7.000000e-02
        1.000000e-01
        1.500000e-01
        2.000000e-01
        3.000000e-01
        5.000000e-01
        7.000000e-01
        9.000000e-01
               1
        1.200000e+00
               2
               3
               4
               5
               6
               7
               8
               9
              10
SP5 D
               0
        1.935238e-08
        1.262681e-05
        4.015276e-05
        5.530619e-05
        9.353330e-05
        2.589441e-05
        1.435689e-05
        1.904991e-05
        8.460986e-05
        4.007201e-04
        6.825066e-04
        1.209209e-03
        2.628995e-03
        2.363344e-03
        3.993105e-03
        6.693678e-03
        4.950732e-03
        6.377252e-03
        1.071374e-02
        8.657520e-03
        1.057825e-02
        8.184249e-03
        6.442125e-03
        9.466652e-03
        6.010734e-03
        1.732134e-02
        1.334616e-02
        2.590262e-02
        5.021901e-02
        6.852165e-02
        5.589197e-02
        2.303261e-02
        6.702848e-02
        2.355132e-01
        1.644542e-01
        7.448749e-02
        4.533712e-02
        3.611121e-02
        1.401610e-02
        1.445270e-02
        5.290973e-04
        4.136673e-03
SI6 H
        1.000000e-02
        6.670000e-02
        1.330000e-01
        2.000000e-01
        2.670000e-01
        3.330000e-01
        4.000000e-01
        4.670000e-01
        5.330000e-01
        6.000000e-01
        6.670000e-01
        7.330000e-01
        8.000000e-01
        8.670000e-01
        9.330000e-01
               1
        1.070000e+00
        1.130000e+00
        1.200000e+00
        1.270000e+00
        1.330000e+00
        1.400000e+00
        1.470000e+00
        1.530000e+00
        1.600000e+00
        1.670000e+00
        1.730000e+00
        1.800000e+00
        1.870000e+00
        1.930000e+00
               2
        2.070000e+00
        2.130000e+00
        2.200000e+00
        2.270000e+00
        2.330000e+00
        2.400000e+00
        2.470000e+00
        2.530000e+00
        2.600000e+00
        2.670000e+00
        2.730000e+00
        2.800000e+00
        2.870000e+00
        2.930000e+00
               3
        3.070000e+00
        3.130000e+00
        3.200000e+00
        3.270000e+00
        3.330000e+00
        3.400000e+00
        3.470000e+00
        3.530000e+00
        3.600000e+00
        3.670000e+00
        3.730000e+00
        3.800000e+00
        3.870000e+00
        3.930000e+00
               4
        4.070000e+00
        4.130000e+00
        4.200000e+00
        4.270000e+00
        4.400000e+00
        4.470000e+00
        4.600000e+00
        4.670000e+00
        4.730000e+00
        4.800000e+00
        4.870000e+00
        4.930000e+00
        5.130000e+00
        5.200000e+00
        5.270000e+00
        5.330000e+00
        5.470000e+00
        5.670000e+00
        5.730000e+00
        5.800000e+00
        5.870000e+00
        5.930000e+00
               6
        6.070000e+00
        6.130000e+00
        6.200000e+00
        6.270000e+00
        6.530000e+00
        6.600000e+00
        6.670000e+00
        6.730000e+00
        6.870000e+00
        6.930000e+00
               7
        7.070000e+00
        7.130000e+00
        7.200000e+00
        7.470000e+00
        7.530000e+00
        7.600000e+00
        7.670000e+00
        7.730000e+00
        7.800000e+00
               8
        8.600000e+00
        9.130000e+00
SP6 D
               0
        1.169651e-03
        2.069382e-03
        1.229633e-03
        2.129364e-03
        3.618919e-03
        7.287824e-03
        1.319606e-02
        2.479260e-02
        2.199343e-02
        2.549239e-02
        2.629215e-02
        2.939122e-02
        2.949119e-02
        2.819158e-02
        2.989108e-02
        3.019099e-02
        2.399284e-02
        2.529245e-02
        2.509251e-02
        2.379290e-02
        2.169352e-02
        2.079379e-02
        1.959415e-02
        1.829454e-02
        1.909430e-02
        1.689496e-02
        1.529543e-02
        1.559534e-02
        1.419576e-02
        1.389585e-02
        1.299612e-02
        1.379588e-02
        1.189645e-02
        5.768278e-02
        1.189645e-02
        8.397493e-03
        8.047597e-03
        8.127573e-03
        1.179648e-02
        8.367502e-03
        7.607728e-03
        6.368099e-03
        8.817367e-03
        5.828260e-03
        1.439570e-02
        1.099672e-02
        6.458072e-03
        4.198746e-03
        6.448075e-03
        4.948522e-03
        5.568337e-03
        9.477170e-03
        4.878543e-03
        8.337511e-03
        3.039093e-03
        5.048493e-03
        3.109072e-03
        6.648015e-03
        5.428379e-03
        3.269024e-03
        2.319308e-03
        1.899433e-03
        9.317218e-03
        9.227245e-03
        5.168457e-03
        3.259027e-03
        5.068487e-03
        3.968815e-03
        5.138466e-03
        8.097582e-03
        1.479558e-03
        5.568337e-03
        5.578334e-03
        4.898537e-03
        1.199642e-03
        8.647418e-04
        7.117875e-03
        4.838555e-03
        1.459564e-03
        1.209639e-03
        1.289615e-03
        6.468069e-04
        4.648612e-04
        3.998806e-04
        5.328409e-03
        9.487167e-04
        6.028200e-03
        5.788272e-03
        2.469263e-04
        2.759176e-04
        1.059684e-03
        1.199642e-03
        2.649209e-04
        2.639212e-04
        2.009400e-04
        2.649209e-04
        3.358997e-04
        3.069084e-03
        2.829155e-04
        1.609519e-04
        2.839152e-04
        4.958519e-02
        3.588928e-05
        2.069382e-05
        9.377200e-06
        4.458669e-05
TR1
        23.0000 -4976.0000 23.0000
        1.0000 0 0.0000
        0 1 0
        -0.0000 0 1.0000
