0.00000000	 0.00000000
0.50000000	 410.79383512
1.00000000	 261.55352656
1.50000000	 195.80399016
2.00000000	 158.59183232
2.50000000	 134.25199415
3.00000000	 116.53718241
3.50000000	 103.38674000
4.00000000	 93.36831707
4.50000000	 85.34472956
5.00000000	 78.62088945
5.50000000	 72.96181697
6.00000000	 68.13605954
6.50000000	 63.95479914
7.00000000	 60.30042266
7.50000000	 57.10115015
8.00000000	 54.23152331
8.50000000	 51.66087306
9.00000000	 49.34470383
9.50000000	 47.24590112
10.00000000	 45.33445248
10.50000000	 43.58583475
11.00000000	 41.99227187
11.50000000	 40.50964973
12.00000000	 39.13804072
12.50000000	 37.86505452
13.00000000	 36.68018773
13.50000000	 35.57443777
14.00000000	 34.53990246
14.50000000	 33.56977990
15.00000000	 32.65806830
15.50000000	 31.79976648
16.00000000	 30.99007374
16.50000000	 30.22468876
17.00000000	 29.50011058
17.50000000	 28.81303858
18.00000000	 28.16057216
18.50000000	 27.54001063
19.00000000	 26.94915350
19.50000000	 26.38580046
20.00000000	 25.84805111
20.50000000	 25.33410505
21.00000000	 24.84246210
21.50000000	 24.37152182
22.00000000	 23.92018406
22.50000000	 23.48704869
23.00000000	 23.07111541
23.50000000	 22.67128414
24.00000000	 22.28665466
24.50000000	 21.91632677
25.00000000	 21.55960049
25.50000000	 21.21557571
26.00000000	 20.88365212
26.50000000	 20.56322984
27.00000000	 20.25360864
27.50000000	 19.95438856
28.00000000	 19.66486957
28.50000000	 19.38465148
29.00000000	 19.11323418
29.50000000	 18.85031769
30.00000000	 18.59540200
30.50000000	 18.34818701
31.00000000	 18.10827281
31.50000000	 17.87525911
32.00000000	 17.64904592
32.50000000	 17.42923353
33.00000000	 17.21542153
33.50000000	 17.00761004
34.00000000	 16.80529904
34.50000000	 16.60848844
35.00000000	 16.41677845
35.50000000	 16.22996865
36.00000000	 16.04805925
36.50000000	 15.87065025
37.00000000	 15.69774156
37.50000000	 15.52903326
38.00000000	 15.36442526
38.50000000	 15.20371756
39.00000000	 15.04681006
39.50000000	 14.89360287
40.00000000	 14.74389587
40.50000000	 14.59768917
41.00000000	 14.45468277
41.50000000	 14.31487657
42.00000000	 14.17807047
42.50000000	 14.04436458
43.00000000	 13.91345898
43.50000000	 13.78535348
44.00000000	 13.65994818
44.50000000	 13.53714308
45.00000000	 13.41683818
45.50000000	 13.29893338
46.00000000	 13.18342858
46.50000000	 13.07032408
47.00000000	 12.95931978
47.50000000	 12.85051548
48.00000000	 12.74381128
48.50000000	 12.63920729
49.00000000	 12.53650349
49.50000000	 12.43569958
50.00000000	 12.33689589
50.50000000	 12.23979239
51.00000000	 12.14448889
51.50000000	 12.05088559
52.00000000	 11.95888229
52.50000000	 11.86857899
53.00000000	 11.77987589
53.50000000	 11.69267279
54.00000000	 11.60706989
54.50000000	 11.52276709
55.00000000	 11.43996419
55.50000000	 11.35856149
56.00000000	 11.27845879
56.50000000	 11.19975619
57.00000000	 11.12225369
57.50000000	 11.04605119
58.00000000	 10.97104879
58.50000000	 10.89724639
59.00000000	 10.82464409
59.50000000	 10.75314189
60.00000000	 10.68273969
60.50000000	 10.61343759
61.00000000	 10.54513549
61.50000000	 10.47793339
62.00000000	 10.41173150
62.50000000	 10.34642949
63.00000000	 10.28222750
63.50000000	 10.21892570
64.00000000	 10.15652390
64.50000000	 10.09502210
65.00000000	 10.03442040
65.50000000	 9.97461871
66.00000000	 9.91570699
66.50000000	 9.85762536
67.00000000	 9.80034376
67.50000000	 9.74386219
68.00000000	 9.68815066
68.50000000	 9.63319915
69.00000000	 9.57899768
69.50000000	 9.52551625
70.00000000	 9.47274483
70.50000000	 9.42068344
71.00000000	 9.36930209
71.50000000	 9.31859077
72.00000000	 9.26852946
72.50000000	 9.21912818
73.00000000	 9.17034693
73.50000000	 9.12219570
74.00000000	 9.07464450
74.50000000	 9.02769332
75.00000000	 8.98132216
75.50000000	 8.93553101
76.00000000	 8.89030990
76.50000000	 8.84562881
77.00000000	 8.80149772
77.50000000	 8.75790667
78.00000000	 8.71482564
78.50000000	 8.67226462
79.00000000	 8.63020362
79.50000000	 8.58864263
80.00000000	 8.54757167
80.50000000	 8.50697073
81.00000000	 8.46683979
81.50000000	 8.42717887
82.00000000	 8.38796798
82.50000000	 8.34919710
83.00000000	 8.31086623
83.50000000	 8.27296537
84.00000000	 8.23549453
84.50000000	 8.19843371
85.00000000	 8.16178290
85.50000000	 8.12553211
86.00000000	 8.08967132
86.50000000	 8.05421054
87.00000000	 8.01912979
87.50000000	 7.98441904
88.00000000	 7.95008830
88.50000000	 7.91611758
89.00000000	 7.88250687
89.50000000	 7.84924618
90.00000000	 7.81632549
90.50000000	 7.78375480
91.00000000	 7.75152413
91.50000000	 7.71962348
92.00000000	 7.68804284
92.50000000	 7.65678220
93.00000000	 7.62584157
93.50000000	 7.59521095
94.00000000	 7.56489034
94.50000000	 7.53486974
95.00000000	 7.50514915
95.50000000	 7.47571857
96.00000000	 7.44657800
96.50000000	 7.41771744
97.00000000	 7.38913688
97.50000000	 7.36083633
98.00000000	 7.33280579
98.50000000	 7.30504526
99.00000000	 7.27754474
99.50000000	 7.25030422
100.00000000	 7.22332371
100.50000000	 7.19659320
101.00000000	 7.17012271
101.50000000	 7.14388223
102.00000000	 7.11789174
102.50000000	 7.09214126
103.00000000	 7.06663079
103.50000000	 7.04135034
104.00000000	 7.01628988
104.50000000	 6.99146943
105.00000000	 6.96685899
105.50000000	 6.94247855
106.00000000	 6.91830812
106.50000000	 6.89435769
107.00000000	 6.87061727
107.50000000	 6.84708686
108.00000000	 6.82375645
108.50000000	 6.80063605
109.00000000	 6.77770565
109.50000000	 6.75498525
110.00000000	 6.73245487
110.50000000	 6.71011449
111.00000000	 6.68796411
111.50000000	 6.66600373
112.00000000	 6.64423336
112.50000000	 6.62264300
113.00000000	 6.60123264
113.50000000	 6.58000229
114.00000000	 6.55894194
114.50000000	 6.53806159
115.00000000	 6.51735125
115.50000000	 6.49681091
116.00000000	 6.47644058
116.50000000	 6.45623025
117.00000000	 6.43618993
117.50000000	 6.41629961
118.00000000	 6.39657928
118.50000000	 6.37701897
119.00000000	 6.35760867
119.50000000	 6.33834836
120.00000000	 6.31924805
120.50000000	 6.30029776
121.00000000	 6.28148747
121.50000000	 6.26282717
122.00000000	 6.24431688
122.50000000	 6.22594660
123.00000000	 6.20771632
123.50000000	 6.18962603
124.00000000	 6.17168576
124.50000000	 6.15386549
125.00000000	 6.13619522
125.50000000	 6.11864496
126.00000000	 6.10123469
126.50000000	 6.08395443
127.00000000	 6.06680418
127.50000000	 6.04977393
128.00000000	 6.03287367
128.50000000	 6.01610342
129.00000000	 5.99945317
129.50000000	 5.98293293
130.00000000	 5.96652270
130.50000000	 5.95023246
131.00000000	 5.93406222
131.50000000	 5.91801199
132.00000000	 5.90207176
132.50000000	 5.88625153
133.00000000	 5.87054130
133.50000000	 5.85495108
134.00000000	 5.83946087
134.50000000	 5.82408064
135.00000000	 5.80882043
135.50000000	 5.79365022
136.00000000	 5.77860000
136.50000000	 5.76364980
137.00000000	 5.74879959
137.50000000	 5.73405938
138.00000000	 5.71941918
138.50000000	 5.70487898
139.00000000	 5.69043879
139.50000000	 5.67608859
140.00000000	 5.66184839
140.50000000	 5.64769820
141.00000000	 5.63364801
141.50000000	 5.61968782
142.00000000	 5.60582764
142.50000000	 5.59204746
143.00000000	 5.57836726
143.50000000	 5.56478708
144.00000000	 5.55128691
144.50000000	 5.53787673
145.00000000	 5.52455656
145.50000000	 5.51131639
146.00000000	 5.49816621
146.50000000	 5.48510604
147.00000000	 5.47212587
147.50000000	 5.45923570
148.00000000	 5.44642554
148.50000000	 5.43369537
149.00000000	 5.42105521
149.50000000	 5.40848505
150.00000000	 5.39600489
150.50000000	 5.38359474
151.00000000	 5.37126458
151.50000000	 5.35901442
152.00000000	 5.34684426
152.50000000	 5.33475412
153.00000000	 5.32272397
153.50000000	 5.31078381
154.00000000	 5.29891367
154.50000000	 5.28711353
155.00000000	 5.27538338
155.50000000	 5.26373323
156.00000000	 5.25215309
156.50000000	 5.24064295
157.00000000	 5.22920281
157.50000000	 5.21783268
158.00000000	 5.20652254
158.50000000	 5.19529240
159.00000000	 5.18412227
159.50000000	 5.17302213
160.00000000	 5.16199200
160.50000000	 5.15102187
161.00000000	 5.14012173
161.50000000	 5.12929161
162.00000000	 5.11851149
162.50000000	 5.10780135
163.00000000	 5.09716123
163.50000000	 5.08657111
164.00000000	 5.07605098
164.50000000	 5.06559086
165.00000000	 5.05519074
165.50000000	 5.04485062
166.00000000	 5.03457050
166.50000000	 5.02435038
167.00000000	 5.01419026
167.50000000	 5.00409015
168.00000000	 4.99404004
168.50000000	 4.98404992
169.00000000	 4.97411981
169.50000000	 4.96423970
170.00000000	 4.95441958
170.50000000	 4.94465947
171.00000000	 4.93494936
171.50000000	 4.92529926
172.00000000	 4.91568915
172.50000000	 4.90614904
173.00000000	 4.89664894
173.50000000	 4.88720883
174.00000000	 4.87781873
174.50000000	 4.86847862
175.00000000	 4.85919852
175.50000000	 4.84995843
176.00000000	 4.84076832
176.50000000	 4.83163822
177.00000000	 4.82254812
177.50000000	 4.81351802
178.00000000	 4.80452793
178.50000000	 4.79558783
179.00000000	 4.78669773
179.50000000	 4.77785764
180.00000000	 4.76905755
180.50000000	 4.76030745
181.00000000	 4.75160736
181.50000000	 4.74294727
182.00000000	 4.73433717
182.50000000	 4.72577708
183.00000000	 4.71725700
183.50000000	 4.70877691
184.00000000	 4.70034681
184.50000000	 4.69196673
185.00000000	 4.68361665
185.50000000	 4.67531655
186.00000000	 4.66706647
186.50000000	 4.65884639
187.00000000	 4.65067630
187.50000000	 4.64254621
188.00000000	 4.63446613
188.50000000	 4.62641605
189.00000000	 4.61841597
189.50000000	 4.61044589
190.00000000	 4.60252581
190.50000000	 4.59463573
191.00000000	 4.58679564
191.50000000	 4.57899557
192.00000000	 4.57122549
192.50000000	 4.56350541
193.00000000	 4.55581534
193.50000000	 4.54816526
194.00000000	 4.54055518
194.50000000	 4.53298511
195.00000000	 4.52544504
195.50000000	 4.51794496
196.00000000	 4.51048488
196.50000000	 4.50306481
197.00000000	 4.49567474
197.50000000	 4.48832467
198.00000000	 4.48100460
198.50000000	 4.47372452
199.00000000	 4.46648445
199.50000000	 4.45927438
200.00000000	 4.45210431
200.50000000	 4.44496425
201.00000000	 4.43785418
201.50000000	 4.43078411
202.00000000	 4.42374404
202.50000000	 4.41674397
203.00000000	 4.40977391
203.50000000	 4.40283384
204.00000000	 4.39593377
204.50000000	 4.38906371
205.00000000	 4.38222365
205.50000000	 4.37541358
206.00000000	 4.36864351
206.50000000	 4.36190345
207.00000000	 4.35519339
207.50000000	 4.34851333
208.00000000	 4.34186327
208.50000000	 4.33524321
209.00000000	 4.32865314
209.50000000	 4.32210308
210.00000000	 4.31557302
210.50000000	 4.30908296
211.00000000	 4.30261291
211.50000000	 4.29617284
212.00000000	 4.28977278
212.50000000	 4.28339273
213.00000000	 4.27704267
213.50000000	 4.27072261
214.00000000	 4.26443255
214.50000000	 4.25817249
215.00000000	 4.25194244
215.50000000	 4.24573239
216.00000000	 4.23955233
216.50000000	 4.23340227
217.00000000	 4.22728221
217.50000000	 4.22119216
218.00000000	 4.21512211
218.50000000	 4.20908206
219.00000000	 4.20306200
219.50000000	 4.19708194
220.00000000	 4.19112190
220.50000000	 4.18518185
221.00000000	 4.17927179
221.50000000	 4.17339173
222.00000000	 4.16754169
222.50000000	 4.16170164
223.00000000	 4.15590158
223.50000000	 4.15012153
224.00000000	 4.14437148
224.50000000	 4.13864144
225.00000000	 4.13293139
225.50000000	 4.12725134
226.00000000	 4.12159129
226.50000000	 4.11596123
227.00000000	 4.11036119
227.50000000	 4.10477115
228.00000000	 4.09921109
228.50000000	 4.09368104
229.00000000	 4.08817100
229.50000000	 4.08268096
230.00000000	 4.07721091
230.50000000	 4.07177086
231.00000000	 4.06635081
231.50000000	 4.06096077
232.00000000	 4.05558073
232.50000000	 4.05023068
233.00000000	 4.04490063
233.50000000	 4.03960059
234.00000000	 4.03431055
234.50000000	 4.02905050
235.00000000	 4.02381046
235.50000000	 4.01859041
236.00000000	 4.01340037
236.50000000	 4.00822033
237.00000000	 4.00307028
237.50000000	 3.99794024
238.00000000	 3.99283020
238.50000000	 3.98774016
239.00000000	 3.98267012
239.50000000	 3.97762008
240.00000000	 3.97259004
240.50000000	 3.96758000
241.00000000	 3.96258995
241.50000000	 3.95762991
242.00000000	 3.95267988
242.50000000	 3.94774983
243.00000000	 3.94284979
243.50000000	 3.93795976
244.00000000	 3.93308972
244.50000000	 3.92823967
245.00000000	 3.92341963
245.50000000	 3.91860960
246.00000000	 3.91381957
246.50000000	 3.90903953
247.00000000	 3.90428948
247.50000000	 3.89955945
248.00000000	 3.89483941
248.50000000	 3.89014937
249.00000000	 3.88546934
249.50000000	 3.88080930
250.00000000	 3.87616926
250.50000000	 3.87154923
251.00000000	 3.86693919
251.50000000	 3.86235915
252.00000000	 3.85778912
252.50000000	 3.85323909
253.00000000	 3.84869905
253.50000000	 3.84418901
254.00000000	 3.83968898
254.50000000	 3.83520894
255.00000000	 3.83074891
255.50000000	 3.82629888
256.00000000	 3.82186884
256.50000000	 3.81745881
257.00000000	 3.81305877
257.50000000	 3.80868874
258.00000000	 3.80431871
258.50000000	 3.79997867
259.00000000	 3.79564864
259.50000000	 3.79133861
260.00000000	 3.78703858
260.50000000	 3.78275854
261.00000000	 3.77849851
261.50000000	 3.77424848
262.00000000	 3.77001845
262.50000000	 3.76579841
263.00000000	 3.76160838
263.50000000	 3.75741836
264.00000000	 3.75324832
264.50000000	 3.74909829
265.00000000	 3.74495826
265.50000000	 3.74083823
266.00000000	 3.73672820
266.50000000	 3.73263816
267.00000000	 3.72856814
267.50000000	 3.72449811
268.00000000	 3.72045807
268.50000000	 3.71642805
269.00000000	 3.71240802
269.50000000	 3.70840799
270.00000000	 3.70441796
270.50000000	 3.70044793
271.00000000	 3.69648790
271.50000000	 3.69254787
272.00000000	 3.68861785
272.50000000	 3.68469782
273.00000000	 3.68079779
273.50000000	 3.67690776
274.00000000	 3.67303773
274.50000000	 3.66917770
275.00000000	 3.66533768
275.50000000	 3.66149765
276.00000000	 3.65768762
276.50000000	 3.65387760
277.00000000	 3.65008756
277.50000000	 3.64631754
278.00000000	 3.64254752
278.50000000	 3.63879748
279.00000000	 3.63506746
279.50000000	 3.63133744
280.00000000	 3.62762740
280.50000000	 3.62393738
281.00000000	 3.62024736
281.50000000	 3.61657733
282.00000000	 3.61291730
282.50000000	 3.60927728
283.00000000	 3.60563726
283.50000000	 3.60201722
284.00000000	 3.59841720
284.50000000	 3.59481718
285.00000000	 3.59123715
285.50000000	 3.58766713
286.00000000	 3.58410710
286.50000000	 3.58056707
287.00000000	 3.57703705
287.50000000	 3.57351703
288.00000000	 3.57000701
288.50000000	 3.56650698
289.00000000	 3.56302696
289.50000000	 3.55954694
290.00000000	 3.55608690
290.50000000	 3.55264688
291.00000000	 3.54920687
291.50000000	 3.54577684
292.00000000	 3.54236681
292.50000000	 3.53896679
293.00000000	 3.53557677
293.50000000	 3.53219675
294.00000000	 3.52882672
294.50000000	 3.52547670
295.00000000	 3.52212668
295.50000000	 3.51879665
296.00000000	 3.51547664
296.50000000	 3.51215661
297.00000000	 3.50886658
297.50000000	 3.50557657
298.00000000	 3.50229655
298.50000000	 3.49902652
299.00000000	 3.49577650
299.50000000	 3.49252648
300.00000000	 3.48929646
300.50000000	 3.48606644
301.00000000	 3.48285641
301.50000000	 3.47965639
302.00000000	 3.47646638
302.50000000	 3.47327636
303.00000000	 3.47010633
303.50000000	 3.46694631
304.00000000	 3.46379629
304.50000000	 3.46065627
305.00000000	 3.45752625
305.50000000	 3.45440622
306.00000000	 3.45130620
306.50000000	 3.44820619
307.00000000	 3.44511617
307.50000000	 3.44203615
308.00000000	 3.43896613
308.50000000	 3.43590611
309.00000000	 3.43285609
309.50000000	 3.42981607
310.00000000	 3.42678605
310.50000000	 3.42376603
311.00000000	 3.42075601
311.50000000	 3.41775599
312.00000000	 3.41476597
312.50000000	 3.41178595
313.00000000	 3.40881593
313.50000000	 3.40585591
314.00000000	 3.40290590
314.50000000	 3.39995588
315.00000000	 3.39702585
315.50000000	 3.39410584
316.00000000	 3.39118582
316.50000000	 3.38828580
317.00000000	 3.38538579
317.50000000	 3.38249577
318.00000000	 3.37961575
318.50000000	 3.37674573
319.00000000	 3.37388571
319.50000000	 3.37103569
320.00000000	 3.36819568
320.50000000	 3.36535566
321.00000000	 3.36253564
321.50000000	 3.35971562
322.00000000	 3.35691560
322.50000000	 3.35411559
323.00000000	 3.35132557
323.50000000	 3.34854555
324.00000000	 3.34577554
324.50000000	 3.34300552
325.00000000	 3.34025550
325.50000000	 3.33750549
326.00000000	 3.33476547
326.50000000	 3.33203545
327.00000000	 3.32931543
327.50000000	 3.32660542
328.00000000	 3.32389541
328.50000000	 3.32119538
329.00000000	 3.31851536
329.50000000	 3.31583536
330.00000000	 3.31315534
330.50000000	 3.31049532
331.00000000	 3.30783530
331.50000000	 3.30519528
332.00000000	 3.30255527
332.50000000	 3.29992526
333.00000000	 3.29729524
333.50000000	 3.29468522
334.00000000	 3.29207521
334.50000000	 3.28947519
335.00000000	 3.28688518
335.50000000	 3.28429517
336.00000000	 3.28171514
336.50000000	 3.27915513
337.00000000	 3.27658512
337.50000000	 3.27403510
338.00000000	 3.27148508
338.50000000	 3.26895507
339.00000000	 3.26641506
339.50000000	 3.26389503
340.00000000	 3.26138502
340.50000000	 3.25887501
341.00000000	 3.25637500
341.50000000	 3.25387498
342.00000000	 3.25139496
342.50000000	 3.24891495
343.00000000	 3.24644494
343.50000000	 3.24397493
344.00000000	 3.24151491
344.50000000	 3.23906489
345.00000000	 3.23662487
345.50000000	 3.23419486
346.00000000	 3.23176485
346.50000000	 3.22934484
347.00000000	 3.22692483
347.50000000	 3.22451481
348.00000000	 3.22211479
348.50000000	 3.21972478
349.00000000	 3.21733477
349.50000000	 3.21495475
350.00000000	 3.21258473
350.50000000	 3.21022472
351.00000000	 3.20786471
351.50000000	 3.20551470
352.00000000	 3.20316469
352.50000000	 3.20082467
353.00000000	 3.19849466
353.50000000	 3.19616464
354.00000000	 3.19385463
354.50000000	 3.19153462
355.00000000	 3.18923460
355.50000000	 3.18693459
356.00000000	 3.18464458
356.50000000	 3.18235457
357.00000000	 3.18007455
357.50000000	 3.17780454
358.00000000	 3.17553453
358.50000000	 3.17327451
359.00000000	 3.17102450
359.50000000	 3.16877449
360.00000000	 3.16653447
360.50000000	 3.16430446
361.00000000	 3.16207445
361.50000000	 3.15985444
362.00000000	 3.15763443
362.50000000	 3.15542441
363.00000000	 3.15322440
363.50000000	 3.15102439
364.00000000	 3.14883437
364.50000000	 3.14665436
365.00000000	 3.14447436
365.50000000	 3.14229434
366.00000000	 3.14013432
366.50000000	 3.13797432
367.00000000	 3.13581431
367.50000000	 3.13366429
368.00000000	 3.13152428
368.50000000	 3.12938427
369.00000000	 3.12725425
369.50000000	 3.12513424
370.00000000	 3.12301424
370.50000000	 3.12089422
371.00000000	 3.11879420
371.50000000	 3.11669420
372.00000000	 3.11459419
372.50000000	 3.11250418
373.00000000	 3.11041416
373.50000000	 3.10834415
374.00000000	 3.10626415
374.50000000	 3.10419413
375.00000000	 3.10213411
375.50000000	 3.10008410
376.00000000	 3.09803410
376.50000000	 3.09598409
377.00000000	 3.09394407
377.50000000	 3.09191406
378.00000000	 3.08988406
378.50000000	 3.08785404
379.00000000	 3.08584403
379.50000000	 3.08382402
380.00000000	 3.08182400
380.50000000	 3.07982400
381.00000000	 3.07782399
381.50000000	 3.07583398
382.00000000	 3.07384397
382.50000000	 3.07186395
383.00000000	 3.06989394
383.50000000	 3.06792394
384.00000000	 3.06595392
384.50000000	 3.06400391
385.00000000	 3.06204391
385.50000000	 3.06009389
386.00000000	 3.05815388
386.50000000	 3.05621387
387.00000000	 3.05428386
387.50000000	 3.05235385
388.00000000	 3.05043384
388.50000000	 3.04851384
389.00000000	 3.04659382
389.50000000	 3.04469381
390.00000000	 3.04278380
390.50000000	 3.04089379
391.00000000	 3.03899378
391.50000000	 3.03711377
392.00000000	 3.03522377
392.50000000	 3.03334375
393.00000000	 3.03147374
393.50000000	 3.02960373
394.00000000	 3.02774372
394.50000000	 3.02588371
395.00000000	 3.02403370
395.50000000	 3.02218370
396.00000000	 3.02033369
396.50000000	 3.01849367
397.00000000	 3.01666366
397.50000000	 3.01483366
398.00000000	 3.01300365
398.50000000	 3.01118363
399.00000000	 3.00937362
399.50000000	 3.00756362
400.00000000	 3.00575362
