2.53E-08 2.50E-17
3.60E-08 2.12E-17
6.30E-08 1.60E-17
1.10E-07 1.21E-17
2.00E-07 8.98E-18
3.60E-07 6.69E-18
6.30E-07 5.07E-18
1.10E-06 3.83E-18
2.00E-06 2.87E-18
3.60E-06 2.15E-18
6.30E-06 1.66E-18
1.10E-05 1.32E-18
2.00E-05 1.11E-18
3.60E-05 1.04E-18
6.30E-05 1.16E-18
1.10E-04 1.52E-18
2.00E-04 2.36E-18
3.60E-04 3.99E-18
6.30E-04 6.68E-18
1.10E-03 1.14E-17
2.00E-03 2.05E-17
3.60E-03 3.66E-17
6.30E-03 6.28E-17
1.10E-02 1.06E-16
2.00E-02 1.85E-16
3.60E-02 3.05E-16
6.30E-02 4.74E-16
8.20E-02 5.72E-16
8.60E-02 5.92E-16
9.00E-02 6.10E-16
9.40E-02 6.29E-16
9.80E-02 6.46E-16
1.05E-01 6.77E-16
1.15E-01 7.19E-16
1.25E-01 7.58E-16
1.35E-01 7.96E-16
1.45E-01 8.32E-16
1.55E-01 8.67E-16
1.65E-01 8.99E-16
1.75E-01 9.32E-16
1.85E-01 9.61E-16
1.95E-01 9.91E-16
2.10E-01 1.03E-15
2.30E-01 1.09E-15
2.50E-01 1.14E-15
2.70E-01 1.19E-15
2.90E-01 1.24E-15
3.10E-01 1.29E-15
3.30E-01 1.33E-15
3.50E-01 1.38E-15
3.70E-01 1.43E-15
3.90E-01 1.50E-15
4.20E-01 1.64E-15
4.60E-01 1.65E-15
5.00E-01 1.61E-15
5.40E-01 1.67E-15
5.80E-01 1.73E-15
6.20E-01 1.79E-15
6.60E-01 1.85E-15
7.00E-01 1.90E-15
7.40E-01 1.95E-15
7.80E-01 2.01E-15
8.20E-01 2.06E-15
8.60E-01 2.11E-15
9.00E-01 2.18E-15
9.40E-01 2.29E-15
9.80E-01 2.47E-15
1.05E+00 2.51E-15
1.15E+00 2.48E-15
1.25E+00 2.58E-15
1.35E+00 2.67E-15
1.45E+00 2.71E-15
1.55E+00 2.78E-15
1.65E+00 2.89E-15
1.75E+00 2.93E-15
1.85E+00 3.05E-15
1.95E+00 3.07E-15
2.10E+00 3.16E-15
2.30E+00 3.20E-15
2.50E+00 3.33E-15
2.70E+00 3.48E-15
2.90E+00 3.61E-15
3.10E+00 3.76E-15
3.30E+00 4.09E-15
3.50E+00 4.17E-15
3.70E+00 4.27E-15
3.90E+00 4.20E-15
4.20E+00 4.34E-15
4.60E+00 4.34E-15
5.00E+00 4.59E-15
5.40E+00 4.47E-15
5.80E+00 4.68E-15
6.20E+00 4.79E-15
6.60E+00 4.93E-15
7.00E+00 5.14E-15
7.40E+00 5.41E-15
7.80E+00 5.32E-15
8.20E+00 5.29E-15
8.60E+00 5.46E-15
9.00E+00 5.55E-15
9.40E+00 5.58E-15
9.80E+00 5.72E-15
1.05E+01 5.86E-15
1.15E+01 6.28E-15
1.25E+01 6.25E-15
1.35E+01 6.49E-15
1.45E+01 6.74E-15
1.55E+01 6.89E-15
1.65E+01 6.98E-15
1.75E+01 7.06E-15
1.85E+01 7.17E-15
1.95E+01 7.29E-15
2.10E+01 7.43E-15
2.30E+01 7.40E-15
2.50E+01 7.35E-15
2.70E+01 7.37E-15
2.90E+01 7.23E-15
