2.53E-08 0
3.60E-08 0
6.30E-08 0
1.10E-07 0
2.00E-07 0
3.60E-07 0
6.30E-07 0
1.10E-06 0
2.00E-06 0
3.60E-06 0
6.30E-06 0
1.10E-05 0
2.00E-05 0
3.60E-05 0
6.30E-05 0
1.10E-04 0
2.00E-04 0
3.60E-04 0
6.30E-04 0
1.10E-03 0
2.00E-03 0
3.60E-03 0
6.30E-03 0
1.10E-02 0
2.00E-02 0
3.60E-02 0
6.30E-02 0
8.20E-02 0
8.60E-02 0
9.00E-02 0
9.40E-02 0
9.80E-02 0
1.05E-01 0
1.15E-01 0
1.25E-01 0
1.35E-01 0
1.45E-01 0
1.55E-01 0
1.65E-01 0
1.75E-01 0
1.85E-01 0
1.95E-01 0
2.10E-01 0
2.30E-01 0
2.50E-01 0
2.70E-01 0
2.90E-01 0
3.10E-01 0
3.30E-01 0
3.50E-01 0
3.70E-01 0
3.90E-01 0
4.20E-01 0
4.60E-01 0
5.00E-01 0
5.40E-01 0
5.80E-01 0
6.20E-01 0
6.60E-01 0
7.00E-01 0
7.40E-01 0
7.80E-01 0
8.20E-01 0
8.60E-01 0
9.00E-01 0
9.40E-01 0
9.80E-01 0
1.05E+00 0
1.15E+00 0
1.25E+00 0
1.35E+00 0
1.45E+00 0
1.55E+00 0
1.65E+00 0
1.75E+00 0
1.85E+00 0
1.95E+00 0
2.10E+00 0
2.30E+00 0
2.50E+00 0
2.70E+00 0
2.90E+00 0
3.10E+00 0
3.30E+00 0
3.50E+00 0
3.70E+00 0
3.90E+00 0
4.20E+00 0
4.60E+00 0
5.00E+00 0
5.40E+00 0
5.80E+00 0
6.20E+00 0
6.60E+00 0
7.00E+00 0
7.40E+00 0
7.80E+00 0
8.20E+00 0
8.60E+00 0
9.00E+00 0
9.40E+00 0
9.80E+00 0
1.05E+01 0
1.15E+01 0
1.25E+01 0
1.35E+01 0
1.45E+01 0
1.55E+01 0
1.65E+01 0
1.75E+01 0
1.85E+01 0
1.95E+01 0
2.10E+01 0
2.30E+01 0
2.50E+01 0
2.70E+01 0
2.90E+01 0
