2.53E-08 3.36E-17
3.60E-08 2.85E-17
6.30E-08 2.15E-17
1.10E-07 1.63E-17
2.00E-07 1.21E-17
3.60E-07 8.99E-18
6.30E-07 6.81E-18
1.10E-06 5.15E-18
2.00E-06 3.85E-18
3.60E-06 2.88E-18
6.30E-06 2.21E-18
1.10E-05 1.74E-18
2.00E-05 1.41E-18
3.60E-05 1.27E-18
6.30E-05 1.31E-18
1.10E-04 1.62E-18
2.00E-04 2.40E-18
3.60E-04 3.97E-18
6.30E-04 6.57E-18
1.10E-03 1.12E-17
2.00E-03 2.00E-17
3.60E-03 3.57E-17
6.30E-03 6.13E-17
1.10E-02 1.03E-16
2.00E-02 1.80E-16
3.60E-02 2.98E-16
6.30E-02 4.62E-16
8.20E-02 5.58E-16
8.60E-02 5.78E-16
9.00E-02 5.96E-16
9.40E-02 6.14E-16
9.80E-02 6.31E-16
1.05E-01 6.61E-16
1.15E-01 7.02E-16
1.25E-01 7.40E-16
1.35E-01 7.77E-16
1.45E-01 8.13E-16
1.55E-01 8.47E-16
1.65E-01 8.78E-16
1.75E-01 9.10E-16
1.85E-01 9.39E-16
1.95E-01 9.68E-16
2.10E-01 1.01E-15
2.30E-01 1.06E-15
2.50E-01 1.11E-15
2.70E-01 1.17E-15
2.90E-01 1.21E-15
3.10E-01 1.26E-15
3.30E-01 1.30E-15
3.50E-01 1.35E-15
3.70E-01 1.39E-15
3.90E-01 1.46E-15
4.20E-01 1.58E-15
4.60E-01 1.60E-15
5.00E-01 1.58E-15
5.40E-01 1.63E-15
5.80E-01 1.69E-15
6.20E-01 1.75E-15
6.60E-01 1.81E-15
7.00E-01 1.86E-15
7.40E-01 1.91E-15
7.80E-01 1.97E-15
8.20E-01 2.02E-15
8.60E-01 2.07E-15
9.00E-01 2.13E-15
9.40E-01 2.22E-15
9.80E-01 2.39E-15
1.05E+00 2.43E-15
1.15E+00 2.42E-15
1.25E+00 2.52E-15
1.35E+00 2.61E-15
1.45E+00 2.65E-15
1.55E+00 2.72E-15
1.65E+00 2.83E-15
1.75E+00 2.87E-15
1.85E+00 2.98E-15
1.95E+00 3.00E-15
2.10E+00 3.10E-15
2.30E+00 3.15E-15
2.50E+00 3.28E-15
2.70E+00 3.43E-15
2.90E+00 3.58E-15
3.10E+00 3.69E-15
3.30E+00 4.03E-15
3.50E+00 4.12E-15
3.70E+00 4.21E-15
3.90E+00 4.16E-15
4.20E+00 4.27E-15
4.60E+00 4.26E-15
5.00E+00 4.47E-15
5.40E+00 4.38E-15
5.80E+00 4.57E-15
6.20E+00 4.70E-15
6.60E+00 4.79E-15
7.00E+00 4.98E-15
7.40E+00 5.26E-15
7.80E+00 5.25E-15
8.20E+00 5.17E-15
8.60E+00 5.31E-15
9.00E+00 5.44E-15
9.40E+00 5.51E-15
9.80E+00 5.60E-15
1.05E+01 5.73E-15
1.15E+01 6.12E-15
1.25E+01 6.15E-15
1.35E+01 6.38E-15
1.45E+01 6.64E-15
1.55E+01 6.84E-15
1.65E+01 6.95E-15
1.75E+01 7.04E-15
1.85E+01 7.15E-15
1.95E+01 7.28E-15
2.10E+01 7.44E-15
2.30E+01 7.44E-15
2.50E+01 7.41E-15
2.70E+01 7.45E-15
2.90E+01 7.35E-15