2.53E-08 2.08E-17
3.60E-08 1.76E-17
6.30E-08 1.33E-17
1.10E-07 1.01E-17
2.00E-07 7.49E-18
3.60E-07 5.58E-18
6.30E-07 4.23E-18
1.10E-06 3.20E-18
2.00E-06 2.39E-18
3.60E-06 1.80E-18
6.30E-06 1.40E-18
1.10E-05 1.12E-18
2.00E-05 9.54E-19
3.60E-05 9.25E-19
6.30E-05 1.06E-18
1.10E-04 1.43E-18
2.00E-04 2.27E-18
3.60E-04 3.83E-18
6.30E-04 6.50E-18
1.10E-03 1.12E-17
2.00E-03 2.01E-17
3.60E-03 3.59E-17
6.30E-03 6.16E-17
1.10E-02 1.04E-16
2.00E-02 1.81E-16
3.60E-02 2.99E-16
6.30E-02 4.65E-16
8.20E-02 5.62E-16
8.60E-02 5.81E-16
9.00E-02 5.99E-16
9.40E-02 6.17E-16
9.80E-02 6.35E-16
1.05E-01 6.65E-16
1.15E-01 7.06E-16
1.25E-01 7.45E-16
1.35E-01 7.82E-16
1.45E-01 8.18E-16
1.55E-01 8.51E-16
1.65E-01 8.83E-16
1.75E-01 9.15E-16
1.85E-01 9.44E-16
1.95E-01 9.73E-16
2.10E-01 1.02E-15
2.30E-01 1.07E-15
2.50E-01 1.12E-15
2.70E-01 1.17E-15
2.90E-01 1.22E-15
3.10E-01 1.27E-15
3.30E-01 1.31E-15
3.50E-01 1.36E-15
3.70E-01 1.41E-15
3.90E-01 1.48E-15
4.20E-01 1.61E-15
4.60E-01 1.63E-15
5.00E-01 1.58E-15
5.40E-01 1.64E-15
5.80E-01 1.70E-15
6.20E-01 1.76E-15
6.60E-01 1.82E-15
7.00E-01 1.87E-15
7.40E-01 1.92E-15
7.80E-01 1.98E-15
8.20E-01 2.03E-15
8.60E-01 2.08E-15
9.00E-01 2.15E-15
9.40E-01 2.25E-15
9.80E-01 2.44E-15
1.05E+00 2.47E-15
1.15E+00 2.44E-15
1.25E+00 2.54E-15
1.35E+00 2.62E-15
1.45E+00 2.67E-15
1.55E+00 2.74E-15
1.65E+00 2.85E-15
1.75E+00 2.88E-15
1.85E+00 3.00E-15
1.95E+00 3.02E-15
2.10E+00 3.10E-15
2.30E+00 3.15E-15
2.50E+00 3.27E-15
2.70E+00 3.42E-15
2.90E+00 3.55E-15
3.10E+00 3.69E-15
3.30E+00 4.02E-15
3.50E+00 4.10E-15
3.70E+00 4.20E-15
3.90E+00 4.13E-15
4.20E+00 4.26E-15
4.60E+00 4.26E-15
5.00E+00 4.51E-15
5.40E+00 4.39E-15
5.80E+00 4.60E-15
6.20E+00 4.71E-15
6.60E+00 4.84E-15
7.00E+00 5.06E-15
7.40E+00 5.33E-15
7.80E+00 5.24E-15
8.20E+00 5.20E-15
8.60E+00 5.38E-15
9.00E+00 5.46E-15
9.40E+00 5.50E-15
9.80E+00 5.64E-15
1.05E+01 5.78E-15
1.15E+01 6.20E-15
1.25E+01 6.17E-15
1.35E+01 6.41E-15
1.45E+01 6.66E-15
1.55E+01 6.81E-15
1.65E+01 6.90E-15
1.75E+01 6.99E-15
1.85E+01 7.10E-15
1.95E+01 7.23E-15
2.10E+01 7.37E-15
2.30E+01 7.34E-15
2.50E+01 7.28E-15
2.70E+01 7.31E-15
2.90E+01 7.17E-15
