2.53E-08 4.54E-19
3.60E-08 9.79E-19
6.30E-08 6.96E-19
1.10E-07 4.78E-19
2.00E-07 5.76E-19
3.60E-07 4.59E-19
6.30E-07 4.82E-19
1.10E-06 4.54E-19
2.00E-06 4.37E-19
3.60E-06 4.33E-19
6.30E-06 4.26E-19
1.10E-05 4.27E-19
2.00E-05 4.30E-19
3.60E-05 4.35E-19
6.30E-05 4.43E-19
1.10E-04 4.58E-19
2.00E-04 4.86E-19
3.60E-04 5.36E-19
6.30E-04 6.25E-19
1.10E-03 7.80E-19
2.00E-03 1.07E-18
3.60E-03 1.58E-18
6.30E-03 2.44E-18
1.10E-02 3.89E-18
2.00E-02 6.49E-18
3.60E-02 1.08E-17
6.30E-02 1.73E-17
8.20E-02 2.16E-17
8.60E-02 2.28E-17
9.00E-02 2.39E-17
9.40E-02 2.38E-17
9.80E-02 2.46E-17
1.05E-01 2.60E-17
1.15E-01 2.76E-17
1.25E-01 2.93E-17
1.35E-01 3.50E-17
1.45E-01 3.47E-17
1.55E-01 3.67E-17
1.65E-01 3.81E-17
1.75E-01 3.82E-17
1.85E-01 4.13E-17
1.95E-01 4.20E-17
2.10E-01 4.74E-17
2.30E-01 4.97E-17
2.50E-01 5.99E-17
2.70E-01 5.97E-17
2.90E-01 6.28E-17
3.10E-01 6.53E-17
3.30E-01 7.58E-17
3.50E-01 8.12E-17
3.70E-01 9.20E-17
3.90E-01 1.04E-16
4.20E-01 1.57E-16
4.60E-01 1.37E-16
5.00E-01 7.80E-17
5.40E-01 7.45E-17
5.80E-01 8.29E-17
6.20E-01 9.07E-17
6.60E-01 9.14E-17
7.00E-01 9.45E-17
7.40E-01 9.87E-17
7.80E-01 1.05E-16
8.20E-01 1.09E-16
8.60E-01 1.22E-16
9.00E-01 1.42E-16
9.40E-01 1.78E-16
9.80E-01 2.54E-16
1.05E+00 2.32E-16
1.15E+00 1.71E-16
1.25E+00 1.80E-16
1.35E+00 1.78E-16
1.45E+00 1.61E-16
1.55E+00 1.70E-16
1.65E+00 1.93E-16
1.75E+00 1.77E-16
1.85E+00 2.08E-16
1.95E+00 1.87E-16
2.10E+00 1.90E-16
2.30E+00 1.66E-16
2.50E+00 1.98E-16
2.70E+00 2.39E-16
2.90E+00 2.75E-16
3.10E+00 3.46E-16
3.30E+00 4.91E-16
3.50E+00 5.14E-16
3.70E+00 5.68E-16
3.90E+00 5.24E-16
4.20E+00 5.92E-16
4.60E+00 5.84E-16
5.00E+00 6.93E-16
5.40E+00 6.04E-16
5.80E+00 6.92E-16
6.20E+00 7.17E-16
6.60E+00 8.06E-16
7.00E+00 9.17E-16
7.40E+00 1.04E-15
7.80E+00 9.53E-16
8.20E+00 9.59E-16
8.60E+00 1.07E-15
9.00E+00 1.10E-15
9.40E+00 1.09E-15
9.80E+00 1.19E-15
1.05E+01 1.28E-15
1.15E+01 1.53E-15
1.25E+01 1.52E-15
1.35E+01 1.65E-15
1.45E+01 1.75E-15
1.55E+01 1.82E-15
1.65E+01 1.80E-15
1.75E+01 1.82E-15
1.85E+01 1.85E-15
1.95E+01 1.92E-15
2.10E+01 2.05E-15
2.30E+01 2.18E-15
2.50E+01 2.32E-15
2.70E+01 2.52E-15
2.90E+01 2.62E-15
