0.00000000	 0.00000000
0.50000000	 344.10317749
1.00000000	 223.64365235
1.50000000	 168.72450100
2.00000000	 137.54734581
2.50000000	 117.11772045
3.00000000	 102.01382664
3.50000000	 90.73132353
4.00000000	 82.12549564
4.50000000	 75.24080270
5.00000000	 69.42912256
5.50000000	 64.53760923
6.00000000	 60.36197586
6.50000000	 56.72359944
7.00000000	 53.53235979
7.50000000	 50.73698756
8.00000000	 48.22854668
8.50000000	 45.97606785
9.00000000	 43.94846200
9.50000000	 42.10491499
10.00000000	 40.42551184
10.50000000	 38.88663194
11.00000000	 37.48680334
11.50000000	 36.17981298
12.00000000	 34.96993008
12.50000000	 33.84636423
13.00000000	 32.80261885
13.50000000	 31.82518985
14.00000000	 30.91057102
14.50000000	 30.05226352
15.00000000	 29.24537055
15.50000000	 28.48048112
16.00000000	 27.76269517
16.50000000	 27.08411893
17.00000000	 26.44265035
17.50000000	 25.83288818
18.00000000	 25.25362966
18.50000000	 24.70247541
19.00000000	 24.17752340
19.50000000	 23.67837678
20.00000000	 23.20023446
20.50000000	 22.74339382
21.00000000	 22.30595573
21.50000000	 21.88721946
22.00000000	 21.48608580
22.50000000	 21.10105452
23.00000000	 20.73122515
23.50000000	 20.37559757
24.00000000	 20.03337159
24.50000000	 19.70374690
25.00000000	 19.38622362
25.50000000	 19.07990183
26.00000000	 18.78418094
26.50000000	 18.49876116
27.00000000	 18.22284246
27.50000000	 17.95612468
28.00000000	 17.69800727
28.50000000	 17.44869120
29.00000000	 17.20667650
29.50000000	 16.97206190
30.00000000	 16.74464791
30.50000000	 16.52403400
31.00000000	 16.31052133
31.50000000	 16.10260993
32.00000000	 15.90049833
32.50000000	 15.70418714
33.00000000	 15.51327868
33.50000000	 15.32546849
34.00000000	 15.14465674
34.50000000	 14.96864735
35.00000000	 14.79723835
35.50000000	 14.63022975
36.00000000	 14.46742146
36.50000000	 14.30871336
37.00000000	 14.15400566
37.50000000	 14.00299826
38.00000000	 13.85569117
38.50000000	 13.71178426
39.00000000	 13.57137757
39.50000000	 13.43417117
40.00000000	 13.30016477
40.50000000	 13.16935877
41.00000000	 13.04135328
41.50000000	 12.91604777
42.00000000	 12.79354228
42.50000000	 12.67373708
43.00000000	 12.55643208
43.50000000	 12.44162718
44.00000000	 12.32922248
44.50000000	 12.21911788
45.00000000	 12.11131348
45.50000000	 12.00560918
46.00000000	 11.90210498
46.50000000	 11.80060098
47.00000000	 11.70109739
47.50000000	 11.60319338
48.00000000	 11.50768919
48.50000000	 11.41398569
49.00000000	 11.32198219
49.50000000	 11.23177879
50.00000000	 11.14317549
50.50000000	 11.05627229
51.00000000	 10.97086929
51.50000000	 10.88696619
52.00000000	 10.80466319
52.50000000	 10.72375998
53.00000000	 10.64465719
53.50000000	 10.56655489
54.00000000	 10.48975229
54.50000000	 10.41424979
55.00000000	 10.33994729
55.50000000	 10.26694479
56.00000000	 10.19514239
56.50000000	 10.12454009
57.00000000	 10.05503788
57.50000000	 9.98664565
58.00000000	 9.91937348
58.50000000	 9.85315139
59.00000000	 9.78796927
59.50000000	 9.72386726
60.00000000	 9.66069537
60.50000000	 9.59848346
61.00000000	 9.53722159
61.50000000	 9.47687978
62.00000000	 9.41743800
62.50000000	 9.35887625
63.00000000	 9.30118455
63.50000000	 9.24432289
64.00000000	 9.18829125
64.50000000	 9.13306966
65.00000000	 9.07862810
65.50000000	 9.02496658
66.00000000	 8.97204509
66.50000000	 8.91987362
67.00000000	 8.86842219
67.50000000	 8.81768079
68.00000000	 8.76762942
68.50000000	 8.71825808
69.00000000	 8.66954676
69.50000000	 8.62149547
70.00000000	 8.57407421
70.50000000	 8.52728297
71.00000000	 8.48110176
71.50000000	 8.43552057
72.00000000	 8.39052940
72.50000000	 8.34611826
73.00000000	 8.30226714
73.50000000	 8.25897604
74.00000000	 8.21622496
74.50000000	 8.17401390
75.00000000	 8.13232287
75.50000000	 8.09114185
76.00000000	 8.05047065
76.50000000	 8.01048967
77.00000000	 7.97079891
77.50000000	 7.93157796
78.00000000	 7.89283703
78.50000000	 7.85454612
79.00000000	 7.81671522
79.50000000	 7.77932434
80.00000000	 7.74237348
80.50000000	 7.70584263
81.00000000	 7.66974180
81.50000000	 7.63404098
82.00000000	 7.59876017
82.50000000	 7.56386938
83.00000000	 7.52937860
83.50000000	 7.49526783
84.00000000	 7.46154708
84.50000000	 7.42818635
85.00000000	 7.39519562
85.50000000	 7.36256490
86.00000000	 7.33029419
86.50000000	 7.29837350
87.00000000	 7.26679283
87.50000000	 7.23554216
88.00000000	 7.20463150
88.50000000	 7.17404085
89.00000000	 7.14378021
89.50000000	 7.11382958
90.00000000	 7.08419896
90.50000000	 7.05486836
91.00000000	 7.02583776
91.50000000	 6.99710716
92.00000000	 6.96867658
92.50000000	 6.94052602
93.00000000	 6.91265546
93.50000000	 6.88506490
94.00000000	 6.85775435
94.50000000	 6.83071381
95.00000000	 6.80394328
95.50000000	 6.77743277
96.00000000	 6.75117225
96.50000000	 6.72518174
97.00000000	 6.69943125
97.50000000	 6.67393075
98.00000000	 6.64868026
98.50000000	 6.62366979
99.00000000	 6.59888932
99.50000000	 6.57434885
100.00000000	 6.55003839
100.50000000	 6.52595794
101.00000000	 6.50209750
101.50000000	 6.47845707
102.00000000	 6.45502663
102.50000000	 6.43182620
103.00000000	 6.40882578
103.50000000	 6.38604536
104.00000000	 6.36346496
104.50000000	 6.34108456
105.00000000	 6.31890416
105.50000000	 6.29692376
106.00000000	 6.27514337
106.50000000	 6.25355299
107.00000000	 6.23215262
107.50000000	 6.21093225
108.00000000	 6.18990187
108.50000000	 6.16906151
109.00000000	 6.14839116
109.50000000	 6.12790080
110.00000000	 6.10759045
110.50000000	 6.08745011
111.00000000	 6.06747977
111.50000000	 6.04767943
112.00000000	 6.02804910
112.50000000	 6.00857878
113.00000000	 5.98926846
113.50000000	 5.97011813
114.00000000	 5.95113782
114.50000000	 5.93229751
115.00000000	 5.91362709
115.50000000	 5.89520679
116.00000000	 5.87683660
116.50000000	 5.85860631
117.00000000	 5.84052601
117.50000000	 5.82259572
118.00000000	 5.80480544
118.50000000	 5.78715515
119.00000000	 5.76965487
119.50000000	 5.75228460
120.00000000	 5.73505433
120.50000000	 5.71795406
121.00000000	 5.70099380
121.50000000	 5.68415354
122.00000000	 5.66745327
122.50000000	 5.65088301
123.00000000	 5.63444276
123.50000000	 5.61812252
124.00000000	 5.60192227
124.50000000	 5.58585202
125.00000000	 5.56990178
125.50000000	 5.55407154
126.00000000	 5.53836130
126.50000000	 5.52277107
127.00000000	 5.50729084
127.50000000	 5.49193061
128.00000000	 5.47668039
128.50000000	 5.46154016
129.00000000	 5.44651994
129.50000000	 5.43159972
130.00000000	 5.41679950
130.50000000	 5.40209929
131.00000000	 5.38750908
131.50000000	 5.37301887
132.00000000	 5.35863866
132.50000000	 5.34435846
133.00000000	 5.33017826
133.50000000	 5.31609806
134.00000000	 5.30211786
134.50000000	 5.28823766
135.00000000	 5.27445746
135.50000000	 5.26077727
136.00000000	 5.24718709
136.50000000	 5.23368690
137.00000000	 5.22028671
137.50000000	 5.20697653
138.00000000	 5.19375634
138.50000000	 5.18063616
139.00000000	 5.16759599
139.50000000	 5.15464581
140.00000000	 5.14178563
140.50000000	 5.12901546
141.00000000	 5.11632529
141.50000000	 5.10372512
142.00000000	 5.09120496
142.50000000	 5.07876479
143.00000000	 5.06641462
143.50000000	 5.05414446
144.00000000	 5.04195429
144.50000000	 5.02985413
145.00000000	 5.01782398
145.50000000	 5.00587383
146.00000000	 4.99399367
146.50000000	 4.98220351
147.00000000	 4.97048336
147.50000000	 4.95884321
148.00000000	 4.94727306
148.50000000	 4.93578292
149.00000000	 4.92435277
149.50000000	 4.91301262
150.00000000	 4.90173248
150.50000000	 4.89053234
151.00000000	 4.87939220
151.50000000	 4.86833205
152.00000000	 4.85734192
152.50000000	 4.84641179
153.00000000	 4.83555165
153.50000000	 4.82476151
154.00000000	 4.81404138
154.50000000	 4.80338125
155.00000000	 4.79279111
155.50000000	 4.78227098
156.00000000	 4.77181086
156.50000000	 4.76141074
157.00000000	 4.75107061
157.50000000	 4.74080048
158.00000000	 4.73059036
158.50000000	 4.72044023
159.00000000	 4.71036011
159.50000000	 4.70033000
160.00000000	 4.69035987
160.50000000	 4.68045975
161.00000000	 4.67060964
161.50000000	 4.66081953
162.00000000	 4.65107941
162.50000000	 4.64140929
163.00000000	 4.63178918
163.50000000	 4.62222907
164.00000000	 4.61271896
164.50000000	 4.60326885
165.00000000	 4.59386874
165.50000000	 4.58452863
166.00000000	 4.57523852
166.50000000	 4.56600841
167.00000000	 4.55682831
167.50000000	 4.54769821
168.00000000	 4.53861811
168.50000000	 4.52958800
169.00000000	 4.52061789
169.50000000	 4.51169780
170.00000000	 4.50281770
170.50000000	 4.49399760
171.00000000	 4.48521750
171.50000000	 4.47649740
172.00000000	 4.46781731
172.50000000	 4.45918721
173.00000000	 4.45060711
173.50000000	 4.44207701
174.00000000	 4.43359692
174.50000000	 4.42515684
175.00000000	 4.41675674
175.50000000	 4.40841664
176.00000000	 4.40011656
176.50000000	 4.39185647
177.00000000	 4.38364638
177.50000000	 4.37547629
178.00000000	 4.36735620
178.50000000	 4.35927612
179.00000000	 4.35123603
179.50000000	 4.34324594
180.00000000	 4.33529586
180.50000000	 4.32738577
181.00000000	 4.31952569
181.50000000	 4.31169561
182.00000000	 4.30391552
182.50000000	 4.29617544
183.00000000	 4.28847536
183.50000000	 4.28081529
184.00000000	 4.27318521
184.50000000	 4.26560512
185.00000000	 4.25806504
185.50000000	 4.25056496
186.00000000	 4.24310489
186.50000000	 4.23567482
187.00000000	 4.22828473
187.50000000	 4.22094466
188.00000000	 4.21362459
188.50000000	 4.20635451
189.00000000	 4.19911444
189.50000000	 4.19191436
190.00000000	 4.18475429
190.50000000	 4.17762422
191.00000000	 4.17053414
191.50000000	 4.16348407
192.00000000	 4.15646401
192.50000000	 4.14947394
193.00000000	 4.14252386
193.50000000	 4.13561379
194.00000000	 4.12873373
194.50000000	 4.12188366
195.00000000	 4.11507359
195.50000000	 4.10829353
196.00000000	 4.10154346
196.50000000	 4.09483339
197.00000000	 4.08815333
197.50000000	 4.08150326
198.00000000	 4.07489319
198.50000000	 4.06831313
199.00000000	 4.06176307
199.50000000	 4.05524301
200.00000000	 4.04875295
200.50000000	 4.04229288
201.00000000	 4.03587281
201.50000000	 4.02948276
202.00000000	 4.02311270
202.50000000	 4.01678263
203.00000000	 4.01048258
203.50000000	 4.00420252
204.00000000	 3.99796245
204.50000000	 3.99175240
205.00000000	 3.98556234
205.50000000	 3.97941228
206.00000000	 3.97328223
206.50000000	 3.96718217
207.00000000	 3.96111211
207.50000000	 3.95507205
208.00000000	 3.94906199
208.50000000	 3.94308194
209.00000000	 3.93712189
209.50000000	 3.93119183
210.00000000	 3.92529177
210.50000000	 3.91942172
211.00000000	 3.91357167
211.50000000	 3.90775162
212.00000000	 3.90195157
212.50000000	 3.89618151
213.00000000	 3.89044145
213.50000000	 3.88473140
214.00000000	 3.87904135
214.50000000	 3.87338130
215.00000000	 3.86774126
215.50000000	 3.86212120
216.00000000	 3.85654115
216.50000000	 3.85097110
217.00000000	 3.84544105
217.50000000	 3.83992100
218.00000000	 3.83444095
218.50000000	 3.82897091
219.00000000	 3.82353085
219.50000000	 3.81812080
220.00000000	 3.81273076
220.50000000	 3.80736072
221.00000000	 3.80201067
221.50000000	 3.79669061
222.00000000	 3.79140057
222.50000000	 3.78612053
223.00000000	 3.78087048
223.50000000	 3.77564043
224.00000000	 3.77044039
224.50000000	 3.76525035
225.00000000	 3.76009029
225.50000000	 3.75496025
226.00000000	 3.74984022
226.50000000	 3.74474017
227.00000000	 3.73967012
227.50000000	 3.73462008
228.00000000	 3.72959003
228.50000000	 3.72458999
229.00000000	 3.71959996
229.50000000	 3.71462991
230.00000000	 3.70968986
230.50000000	 3.70476982
231.00000000	 3.69986979
231.50000000	 3.69497975
232.00000000	 3.69011970
232.50000000	 3.68527966
233.00000000	 3.68045962
233.50000000	 3.67565958
234.00000000	 3.67087954
234.50000000	 3.66611950
235.00000000	 3.66137946
235.50000000	 3.65665942
236.00000000	 3.65195938
236.50000000	 3.64727935
237.00000000	 3.64260931
237.50000000	 3.63796926
238.00000000	 3.63334923
238.50000000	 3.62873920
239.00000000	 3.62414915
239.50000000	 3.61958911
240.00000000	 3.61503908
240.50000000	 3.61050905
241.00000000	 3.60598901
241.50000000	 3.60149897
242.00000000	 3.59701893
242.50000000	 3.59256889
243.00000000	 3.58812887
243.50000000	 3.58369883
244.00000000	 3.57929879
244.50000000	 3.57490876
245.00000000	 3.57053872
245.50000000	 3.56618868
246.00000000	 3.56185865
246.50000000	 3.55753862
247.00000000	 3.55323858
247.50000000	 3.54895855
248.00000000	 3.54468852
248.50000000	 3.54043848
249.00000000	 3.53620845
249.50000000	 3.53198841
250.00000000	 3.52779838
250.50000000	 3.52360835
251.00000000	 3.51944831
251.50000000	 3.51529829
252.00000000	 3.51115826
252.50000000	 3.50703822
253.00000000	 3.50293818
253.50000000	 3.49885816
254.00000000	 3.49477813
254.50000000	 3.49072809
255.00000000	 3.48668806
255.50000000	 3.48266803
256.00000000	 3.47865800
256.50000000	 3.47466797
257.00000000	 3.47068794
257.50000000	 3.46672791
258.00000000	 3.46277788
258.50000000	 3.45884785
259.00000000	 3.45492782
259.50000000	 3.45102779
260.00000000	 3.44713776
260.50000000	 3.44326773
261.00000000	 3.43940770
261.50000000	 3.43556767
262.00000000	 3.43173765
262.50000000	 3.42791762
263.00000000	 3.42411759
263.50000000	 3.42032756
264.00000000	 3.41655753
264.50000000	 3.41279750
265.00000000	 3.40905747
265.50000000	 3.40532745
266.00000000	 3.40160742
266.50000000	 3.39790739
267.00000000	 3.39421736
267.50000000	 3.39054734
268.00000000	 3.38687732
268.50000000	 3.38322728
269.00000000	 3.37959725
269.50000000	 3.37597723
270.00000000	 3.37236721
270.50000000	 3.36876718
271.00000000	 3.36518715
271.50000000	 3.36161712
272.00000000	 3.35806710
272.50000000	 3.35451708
273.00000000	 3.35098705
273.50000000	 3.34746702
274.00000000	 3.34396700
274.50000000	 3.34046698
275.00000000	 3.33698694
275.50000000	 3.33352692
276.00000000	 3.33006690
276.50000000	 3.32662687
277.00000000	 3.32319685
277.50000000	 3.31977683
278.00000000	 3.31636680
278.50000000	 3.31297677
279.00000000	 3.30959675
279.50000000	 3.30622673
280.00000000	 3.30286671
280.50000000	 3.29951668
281.00000000	 3.29618665
281.50000000	 3.29286664
282.00000000	 3.28954661
282.50000000	 3.28625658
283.00000000	 3.28296657
283.50000000	 3.27968654
284.00000000	 3.27642652
284.50000000	 3.27316650
285.00000000	 3.26992647
285.50000000	 3.26669645
286.00000000	 3.26347643
286.50000000	 3.26026641
287.00000000	 3.25706638
287.50000000	 3.25388636
288.00000000	 3.25070634
288.50000000	 3.24754632
289.00000000	 3.24438630
289.50000000	 3.24124627
290.00000000	 3.23811626
290.50000000	 3.23498624
291.00000000	 3.23187621
291.50000000	 3.22877619
292.00000000	 3.22568617
292.50000000	 3.22260614
293.00000000	 3.21954612
293.50000000	 3.21648611
294.00000000	 3.21343609
294.50000000	 3.21039607
295.00000000	 3.20736604
295.50000000	 3.20435602
296.00000000	 3.20134601
296.50000000	 3.19834599
297.00000000	 3.19535596
297.50000000	 3.19238594
298.00000000	 3.18941593
298.50000000	 3.18645590
299.00000000	 3.18351588
299.50000000	 3.18057587
300.00000000	 3.17764585
300.50000000	 3.17472583
301.00000000	 3.17181581
301.50000000	 3.16891579
302.00000000	 3.16602577
302.50000000	 3.16314575
303.00000000	 3.16027573
303.50000000	 3.15741571
304.00000000	 3.15456569
304.50000000	 3.15172567
305.00000000	 3.14889566
305.50000000	 3.14606564
306.00000000	 3.14325562
306.50000000	 3.14044560
307.00000000	 3.13765558
307.50000000	 3.13486557
308.00000000	 3.13208555
308.50000000	 3.12931553
309.00000000	 3.12655551
309.50000000	 3.12380549
310.00000000	 3.12106547
310.50000000	 3.11833546
311.00000000	 3.11560545
311.50000000	 3.11288542
312.00000000	 3.11018540
312.50000000	 3.10748539
313.00000000	 3.10479537
313.50000000	 3.10211536
314.00000000	 3.09943534
314.50000000	 3.09677532
315.00000000	 3.09411530
315.50000000	 3.09147528
316.00000000	 3.08883527
316.50000000	 3.08620526
317.00000000	 3.08357524
317.50000000	 3.08096522
318.00000000	 3.07835520
318.50000000	 3.07576518
319.00000000	 3.07317518
319.50000000	 3.07058516
320.00000000	 3.06801513
320.50000000	 3.06545512
321.00000000	 3.06289511
321.50000000	 3.06034509
322.00000000	 3.05780508
322.50000000	 3.05526506
323.00000000	 3.05274504
323.50000000	 3.05022503
324.00000000	 3.04771501
324.50000000	 3.04521500
325.00000000	 3.04271498
325.50000000	 3.04023496
326.00000000	 3.03775495
326.50000000	 3.03528494
327.00000000	 3.03281492
327.50000000	 3.03036490
328.00000000	 3.02791490
328.50000000	 3.02546488
329.00000000	 3.02303486
329.50000000	 3.02060484
330.00000000	 3.01819483
330.50000000	 3.01577482
331.00000000	 3.01337480
331.50000000	 3.01097479
332.00000000	 3.00858477
332.50000000	 3.00620476
333.00000000	 3.00382474
333.50000000	 3.00146473
334.00000000	 2.99909472
334.50000000	 2.99674470
335.00000000	 2.99439469
335.50000000	 2.99205467
336.00000000	 2.98972466
336.50000000	 2.98739464
337.00000000	 2.98508463
337.50000000	 2.98276462
338.00000000	 2.98046460
338.50000000	 2.97816459
339.00000000	 2.97587458
339.50000000	 2.97358456
340.00000000	 2.97131455
340.50000000	 2.96903454
341.00000000	 2.96677452
341.50000000	 2.96451451
342.00000000	 2.96226449
342.50000000	 2.96002448
343.00000000	 2.95778447
343.50000000	 2.95555446
344.00000000	 2.95332445
344.50000000	 2.95110443
345.00000000	 2.94889441
345.50000000	 2.94669440
346.00000000	 2.94449439
346.50000000	 2.94230438
347.00000000	 2.94011437
347.50000000	 2.93793435
348.00000000	 2.93576434
348.50000000	 2.93359433
349.00000000	 2.93143431
349.50000000	 2.92928430
350.00000000	 2.92713429
350.50000000	 2.92499428
351.00000000	 2.92285427
351.50000000	 2.92072425
352.00000000	 2.91860424
352.50000000	 2.91648423
353.00000000	 2.91437422
353.50000000	 2.91226421
354.00000000	 2.91016419
354.50000000	 2.90807418
355.00000000	 2.90598417
355.50000000	 2.90390416
356.00000000	 2.90182414
356.50000000	 2.89976413
357.00000000	 2.89769413
357.50000000	 2.89563411
358.00000000	 2.89358409
358.50000000	 2.89154409
359.00000000	 2.88949408
359.50000000	 2.88746406
360.00000000	 2.88543405
360.50000000	 2.88341404
361.00000000	 2.88139403
361.50000000	 2.87938402
362.00000000	 2.87737401
362.50000000	 2.87537399
363.00000000	 2.87338398
363.50000000	 2.87139398
364.00000000	 2.86940396
364.50000000	 2.86743395
365.00000000	 2.86545395
365.50000000	 2.86348393
366.00000000	 2.86152391
366.50000000	 2.85957390
367.00000000	 2.85762390
367.50000000	 2.85567389
368.00000000	 2.85373387
368.50000000	 2.85180386
369.00000000	 2.84987386
369.50000000	 2.84794385
370.00000000	 2.84602383
370.50000000	 2.84411382
371.00000000	 2.84220381
371.50000000	 2.84030380
372.00000000	 2.83840379
372.50000000	 2.83651378
373.00000000	 2.83462377
373.50000000	 2.83274376
374.00000000	 2.83086375
374.50000000	 2.82899374
375.00000000	 2.82712373
375.50000000	 2.82526372
376.00000000	 2.82340371
376.50000000	 2.82155370
377.00000000	 2.81970369
377.50000000	 2.81786368
378.00000000	 2.81602367
378.50000000	 2.81419366
379.00000000	 2.81236365
379.50000000	 2.81054363
380.00000000	 2.80873363
380.50000000	 2.80691362
381.00000000	 2.80511361
381.50000000	 2.80330361
382.00000000	 2.80150359
382.50000000	 2.79971358
383.00000000	 2.79792357
383.50000000	 2.79614356
384.00000000	 2.79436355
384.50000000	 2.79259354
385.00000000	 2.79082354
385.50000000	 2.78905353
386.00000000	 2.78729351
386.50000000	 2.78554350
387.00000000	 2.78379350
387.50000000	 2.78204349
388.00000000	 2.78030348
388.50000000	 2.77856347
389.00000000	 2.77683346
389.50000000	 2.77510345
390.00000000	 2.77338344
390.50000000	 2.77166343
391.00000000	 2.76995342
391.50000000	 2.76824342
392.00000000	 2.76653341
392.50000000	 2.76483339
393.00000000	 2.76314338
393.50000000	 2.76145338
394.00000000	 2.75976337
394.50000000	 2.75808336
395.00000000	 2.75640336
395.50000000	 2.75472335
396.00000000	 2.75305333
396.50000000	 2.75139332
397.00000000	 2.74973332
397.50000000	 2.74807331
398.00000000	 2.74642330
398.50000000	 2.74477330
399.00000000	 2.74312329
399.50000000	 2.74148327
400.00000000	 2.73985328
