0.00000000	 0.00000000
0.50000000	 345.71116980
1.00000000	 224.27497100
1.50000000	 168.86264733
2.00000000	 137.75413865
2.50000000	 117.43663208
3.00000000	 102.33786157
3.50000000	 91.02591819
4.00000000	 82.36357611
4.50000000	 75.44995641
5.00000000	 69.61316549
5.50000000	 64.70303667
6.00000000	 60.51739867
6.50000000	 56.86662458
7.00000000	 53.66278601
7.50000000	 50.85400912
8.00000000	 48.33696226
8.50000000	 46.07738308
9.00000000	 44.04177519
9.50000000	 42.19282428
10.00000000	 40.50941996
10.50000000	 38.96644223
11.00000000	 37.56061248
11.50000000	 36.25031937
12.00000000	 35.03733597
12.50000000	 33.91096898
13.00000000	 32.86522327
13.50000000	 31.88539465
14.00000000	 30.96837562
14.50000000	 30.10786771
15.00000000	 29.29896950
15.50000000	 28.53688005
16.00000000	 27.81759818
16.50000000	 27.13752278
17.00000000	 26.49375391
17.50000000	 25.88269057
18.00000000	 25.30233186
18.50000000	 24.75007751
19.00000000	 24.22412499
19.50000000	 23.72437840
20.00000000	 23.24523625
20.50000000	 22.78759542
21.00000000	 22.34935775
21.50000000	 21.92942207
22.00000000	 21.52688860
22.50000000	 21.14045722
23.00000000	 20.76932765
23.50000000	 20.41249997
24.00000000	 20.06907378
24.50000000	 19.73844900
25.00000000	 19.41982562
25.50000000	 19.11260353
26.00000000	 18.81608275
26.50000000	 18.52966295
27.00000000	 18.25294406
27.50000000	 17.98542617
28.00000000	 17.72660928
28.50000000	 17.47599319
29.00000000	 17.23327769
29.50000000	 16.99816311
30.00000000	 16.77004921
30.50000000	 16.54883489
31.00000000	 16.33502224
31.50000000	 16.12651093
32.00000000	 15.92399933
32.50000000	 15.72708823
33.00000000	 15.53568008
33.50000000	 15.34696988
34.00000000	 15.16565774
34.50000000	 14.98914835
35.00000000	 14.81723925
35.50000000	 14.64983055
36.00000000	 14.48662215
36.50000000	 14.32761416
37.00000000	 14.17240646
37.50000000	 14.02109896
38.00000000	 13.87339176
38.50000000	 13.72928487
39.00000000	 13.58847827
39.50000000	 13.45097187
40.00000000	 13.31656567
40.50000000	 13.18525957
41.00000000	 13.05695377
41.50000000	 12.93144828
42.00000000	 12.80864288
42.50000000	 12.68853758
43.00000000	 12.57103258
43.50000000	 12.45592768
44.00000000	 12.34332288
44.50000000	 12.23301838
45.00000000	 12.12491398
45.50000000	 12.01900958
46.00000000	 11.91530538
46.50000000	 11.81360138
47.00000000	 11.71389789
47.50000000	 11.61569387
48.00000000	 11.51998948
48.50000000	 11.42618589
49.00000000	 11.33408249
49.50000000	 11.24367909
50.00000000	 11.15497569
50.50000000	 11.06797249
51.00000000	 10.98246949
51.50000000	 10.89846649
52.00000000	 10.81596349
52.50000000	 10.73495998
53.00000000	 10.65595730
53.50000000	 10.57765519
54.00000000	 10.50075249
54.50000000	 10.42514999
55.00000000	 10.35074749
55.50000000	 10.27764499
56.00000000	 10.20574259
56.50000000	 10.13504029
57.00000000	 10.06543809
57.50000000	 9.99693587
58.00000000	 9.92955368
58.50000000	 9.86324157
59.00000000	 9.79796952
59.50000000	 9.73370751
60.00000000	 9.67044555
60.50000000	 9.60814364
61.00000000	 9.54679177
61.50000000	 9.48635994
62.00000000	 9.42683816
62.50000000	 9.36819642
63.00000000	 9.31041472
63.50000000	 9.25347305
64.00000000	 9.19736141
64.50000000	 9.14205982
65.00000000	 9.08753826
65.50000000	 9.03379673
66.00000000	 8.98080523
66.50000000	 8.92856377
67.00000000	 8.87703234
67.50000000	 8.82622093
68.00000000	 8.77609956
68.50000000	 8.72665822
69.00000000	 8.67787690
69.50000000	 8.62975560
70.00000000	 8.58227434
70.50000000	 8.53541310
71.00000000	 8.48917189
71.50000000	 8.44352070
72.00000000	 8.39846952
72.50000000	 8.35399838
73.00000000	 8.31008726
73.50000000	 8.26673616
74.00000000	 8.22392508
74.50000000	 8.18165401
75.00000000	 8.13991298
75.50000000	 8.09867196
76.00000000	 8.05795070
76.50000000	 8.01796973
77.00000000	 7.97821902
77.50000000	 7.93894807
78.00000000	 7.90014714
78.50000000	 7.86180622
79.00000000	 7.82392532
79.50000000	 7.78648445
80.00000000	 7.74947358
80.50000000	 7.71290272
81.00000000	 7.67675189
81.50000000	 7.64101108
82.00000000	 7.60567027
82.50000000	 7.57073947
83.00000000	 7.53619869
83.50000000	 7.50204793
84.00000000	 7.46826718
84.50000000	 7.43486643
85.00000000	 7.40183570
85.50000000	 7.36916499
86.00000000	 7.33684428
86.50000000	 7.30488359
87.00000000	 7.27325291
87.50000000	 7.24197223
88.00000000	 7.21102158
88.50000000	 7.18039093
89.00000000	 7.15009029
89.50000000	 7.12009966
90.00000000	 7.09042904
90.50000000	 7.06105844
91.00000000	 7.03198783
91.50000000	 7.00322724
92.00000000	 6.97474667
92.50000000	 6.94655609
93.00000000	 6.91865552
93.50000000	 6.89103497
94.00000000	 6.86368442
94.50000000	 6.83661388
95.00000000	 6.80980336
95.50000000	 6.78325283
96.00000000	 6.75697231
96.50000000	 6.73094181
97.00000000	 6.70516131
97.50000000	 6.67963082
98.00000000	 6.65434033
98.50000000	 6.62929985
99.00000000	 6.60448938
99.50000000	 6.57991891
100.00000000	 6.55557846
100.50000000	 6.53145801
101.00000000	 6.50756756
101.50000000	 6.48389712
102.00000000	 6.46044669
102.50000000	 6.43720626
103.00000000	 6.41418584
103.50000000	 6.39136542
104.00000000	 6.36876501
104.50000000	 6.34635461
105.00000000	 6.32415421
105.50000000	 6.30214382
106.00000000	 6.28033343
106.50000000	 6.25871305
107.00000000	 6.23728267
107.50000000	 6.21604229
108.00000000	 6.19499192
108.50000000	 6.17412157
109.00000000	 6.15342121
109.50000000	 6.13291085
110.00000000	 6.11257050
110.50000000	 6.09241016
111.00000000	 6.07240982
111.50000000	 6.05258948
112.00000000	 6.03292915
112.50000000	 6.01343882
113.00000000	 5.99410850
113.50000000	 5.97493819
114.00000000	 5.95591787
114.50000000	 5.93706755
115.00000000	 5.91836711
115.50000000	 5.89995680
116.00000000	 5.88156664
116.50000000	 5.86331635
117.00000000	 5.84521605
117.50000000	 5.82726576
118.00000000	 5.80945548
118.50000000	 5.79178520
119.00000000	 5.77425492
119.50000000	 5.75686464
120.00000000	 5.73961437
120.50000000	 5.72249411
121.00000000	 5.70550384
121.50000000	 5.68865357
122.00000000	 5.67193331
122.50000000	 5.65534306
123.00000000	 5.63887280
123.50000000	 5.62254255
124.00000000	 5.60632231
124.50000000	 5.59023206
125.00000000	 5.57426182
125.50000000	 5.55841158
126.00000000	 5.54268134
126.50000000	 5.52707110
127.00000000	 5.51158087
127.50000000	 5.49620065
128.00000000	 5.48093042
128.50000000	 5.46578020
129.00000000	 5.45072998
129.50000000	 5.43579975
130.00000000	 5.42097954
130.50000000	 5.40625933
131.00000000	 5.39164911
131.50000000	 5.37714890
132.00000000	 5.36274870
132.50000000	 5.34844849
133.00000000	 5.33425829
133.50000000	 5.32015809
134.00000000	 5.30616789
134.50000000	 5.29226769
135.00000000	 5.27847750
135.50000000	 5.26476731
136.00000000	 5.25116711
136.50000000	 5.23765693
137.00000000	 5.22423674
137.50000000	 5.21091656
138.00000000	 5.19767638
138.50000000	 5.18453619
139.00000000	 5.17148601
139.50000000	 5.15852584
140.00000000	 5.14564567
140.50000000	 5.13285549
141.00000000	 5.12015532
141.50000000	 5.10753515
142.00000000	 5.09500498
142.50000000	 5.08255481
143.00000000	 5.07019465
143.50000000	 5.05790449
144.00000000	 5.04570432
144.50000000	 5.03358416
145.00000000	 5.02154401
145.50000000	 5.00957385
146.00000000	 4.99769369
146.50000000	 4.98588354
147.00000000	 4.97415339
147.50000000	 4.96249324
148.00000000	 4.95091309
148.50000000	 4.93940294
149.00000000	 4.92797279
149.50000000	 4.91661265
150.00000000	 4.90532251
150.50000000	 4.89410237
151.00000000	 4.88295222
151.50000000	 4.87188208
152.00000000	 4.86087195
152.50000000	 4.84993180
153.00000000	 4.83907167
153.50000000	 4.82826154
154.00000000	 4.81753140
154.50000000	 4.80686127
155.00000000	 4.79626114
155.50000000	 4.78572101
156.00000000	 4.77525088
156.50000000	 4.76484076
157.00000000	 4.75449063
157.50000000	 4.74421050
158.00000000	 4.73399038
158.50000000	 4.72383026
159.00000000	 4.71373014
159.50000000	 4.70369002
160.00000000	 4.69370990
160.50000000	 4.68378978
161.00000000	 4.67392966
161.50000000	 4.66412954
162.00000000	 4.65438943
162.50000000	 4.64469932
163.00000000	 4.63506920
163.50000000	 4.62549909
164.00000000	 4.61597898
164.50000000	 4.60651887
165.00000000	 4.59710876
165.50000000	 4.58775865
166.00000000	 4.57845854
166.50000000	 4.56921843
167.00000000	 4.56002833
167.50000000	 4.55088823
168.00000000	 4.54179813
168.50000000	 4.53275802
169.00000000	 4.52377791
169.50000000	 4.51484782
170.00000000	 4.50595772
170.50000000	 4.49712761
171.00000000	 4.48834752
171.50000000	 4.47960742
172.00000000	 4.47092732
172.50000000	 4.46228723
173.00000000	 4.45369713
173.50000000	 4.44515704
174.00000000	 4.43665695
174.50000000	 4.42820685
175.00000000	 4.41980675
175.50000000	 4.41145667
176.00000000	 4.40313658
176.50000000	 4.39487648
177.00000000	 4.38665640
177.50000000	 4.37847631
178.00000000	 4.37034622
178.50000000	 4.36225613
179.00000000	 4.35421604
179.50000000	 4.34621596
180.00000000	 4.33825588
180.50000000	 4.33033579
181.00000000	 4.32246571
181.50000000	 4.31462563
182.00000000	 4.30683554
182.50000000	 4.29908546
183.00000000	 4.29137537
183.50000000	 4.28371529
184.00000000	 4.27608522
184.50000000	 4.26849514
185.00000000	 4.26094506
185.50000000	 4.25343498
186.00000000	 4.24596491
186.50000000	 4.23852483
187.00000000	 4.23113475
187.50000000	 4.22377468
188.00000000	 4.21645460
188.50000000	 4.20917452
189.00000000	 4.20193445
189.50000000	 4.19472438
190.00000000	 4.18755431
190.50000000	 4.18041424
191.00000000	 4.17331416
191.50000000	 4.16625409
192.00000000	 4.15922402
192.50000000	 4.15223395
193.00000000	 4.14527388
193.50000000	 4.13835381
194.00000000	 4.13146374
194.50000000	 4.12461367
195.00000000	 4.11779361
195.50000000	 4.11100354
196.00000000	 4.10425347
196.50000000	 4.09753341
197.00000000	 4.09084334
197.50000000	 4.08419327
198.00000000	 4.07757321
198.50000000	 4.07098315
199.00000000	 4.06442308
199.50000000	 4.05790302
200.00000000	 4.05140296
200.50000000	 4.04494289
201.00000000	 4.03851283
201.50000000	 4.03211277
202.00000000	 4.02574271
202.50000000	 4.01940265
203.00000000	 4.01309259
203.50000000	 4.00681253
204.00000000	 4.00056247
204.50000000	 3.99434241
205.00000000	 3.98815235
205.50000000	 3.98199230
206.00000000	 3.97585224
206.50000000	 3.96975218
207.00000000	 3.96367212
207.50000000	 3.95763206
208.00000000	 3.95161201
208.50000000	 3.94562196
209.00000000	 3.93965190
209.50000000	 3.93372184
210.00000000	 3.92781179
210.50000000	 3.92193173
211.00000000	 3.91608168
211.50000000	 3.91025163
212.00000000	 3.90445157
212.50000000	 3.89868152
213.00000000	 3.89293147
213.50000000	 3.88721142
214.00000000	 3.88151137
214.50000000	 3.87584131
215.00000000	 3.87020126
215.50000000	 3.86458121
216.00000000	 3.85899116
216.50000000	 3.85342111
217.00000000	 3.84788106
217.50000000	 3.84236102
218.00000000	 3.83686097
218.50000000	 3.83139091
219.00000000	 3.82595086
219.50000000	 3.82053082
220.00000000	 3.81513077
220.50000000	 3.80976072
221.00000000	 3.80441068
221.50000000	 3.79908063
222.00000000	 3.79378058
222.50000000	 3.78850054
223.00000000	 3.78324049
223.50000000	 3.77801044
224.00000000	 3.77280040
224.50000000	 3.76761036
225.00000000	 3.76244031
225.50000000	 3.75730026
226.00000000	 3.75218022
226.50000000	 3.74708018
227.00000000	 3.74200013
227.50000000	 3.73695009
228.00000000	 3.73191005
228.50000000	 3.72690000
229.00000000	 3.72190996
229.50000000	 3.71693992
230.00000000	 3.71198988
230.50000000	 3.70705984
231.00000000	 3.70214979
231.50000000	 3.69726975
232.00000000	 3.69239972
232.50000000	 3.68754967
233.00000000	 3.68272963
233.50000000	 3.67791959
234.00000000	 3.67313955
234.50000000	 3.66836951
235.00000000	 3.66362947
235.50000000	 3.65889943
236.00000000	 3.65419939
236.50000000	 3.64950936
237.00000000	 3.64483932
237.50000000	 3.64018928
238.00000000	 3.63555924
238.50000000	 3.63094920
239.00000000	 3.62635916
239.50000000	 3.62178912
240.00000000	 3.61723909
240.50000000	 3.61269906
241.00000000	 3.60817901
241.50000000	 3.60368897
242.00000000	 3.59920895
242.50000000	 3.59473891
243.00000000	 3.59029887
243.50000000	 3.58586884
244.00000000	 3.58145880
244.50000000	 3.57706876
245.00000000	 3.57269873
245.50000000	 3.56833870
246.00000000	 3.56399866
246.50000000	 3.55967862
247.00000000	 3.55537859
247.50000000	 3.55108856
248.00000000	 3.54681852
248.50000000	 3.54256849
249.00000000	 3.53832846
249.50000000	 3.53410842
250.00000000	 3.52990839
250.50000000	 3.52571836
251.00000000	 3.52154833
251.50000000	 3.51738829
252.00000000	 3.51325826
252.50000000	 3.50912823
253.00000000	 3.50502819
253.50000000	 3.50093817
254.00000000	 3.49685814
254.50000000	 3.49279810
255.00000000	 3.48875807
255.50000000	 3.48472804
256.00000000	 3.48071800
256.50000000	 3.47672798
257.00000000	 3.47273795
257.50000000	 3.46877791
258.00000000	 3.46482789
258.50000000	 3.46088786
259.00000000	 3.45696783
259.50000000	 3.45305780
260.00000000	 3.44916777
260.50000000	 3.44528774
261.00000000	 3.44142770
261.50000000	 3.43758768
262.00000000	 3.43374766
262.50000000	 3.42992762
263.00000000	 3.42612759
263.50000000	 3.42233757
264.00000000	 3.41855754
264.50000000	 3.41479751
265.00000000	 3.41104748
265.50000000	 3.40731745
266.00000000	 3.40359743
266.50000000	 3.39988740
267.00000000	 3.39619737
267.50000000	 3.39251735
268.00000000	 3.38884732
268.50000000	 3.38519729
269.00000000	 3.38155726
269.50000000	 3.37793724
270.00000000	 3.37431721
270.50000000	 3.37072718
271.00000000	 3.36713716
271.50000000	 3.36356713
272.00000000	 3.36000711
272.50000000	 3.35645709
273.00000000	 3.35291706
273.50000000	 3.34939703
274.00000000	 3.34588700
274.50000000	 3.34239698
275.00000000	 3.33890696
275.50000000	 3.33543692
276.00000000	 3.33198690
276.50000000	 3.32853689
277.00000000	 3.32509686
277.50000000	 3.32167683
278.00000000	 3.31826680
278.50000000	 3.31487678
279.00000000	 3.31148676
279.50000000	 3.30811673
280.00000000	 3.30475671
280.50000000	 3.30140669
281.00000000	 3.29806667
281.50000000	 3.29473664
282.00000000	 3.29142662
282.50000000	 3.28811660
283.00000000	 3.28482657
283.50000000	 3.28154654
284.00000000	 3.27828652
284.50000000	 3.27502651
285.00000000	 3.27177648
285.50000000	 3.26854645
286.00000000	 3.26532644
286.50000000	 3.26210642
287.00000000	 3.25890639
287.50000000	 3.25571637
288.00000000	 3.25253634
288.50000000	 3.24937632
289.00000000	 3.24621631
289.50000000	 3.24306628
290.00000000	 3.23993626
290.50000000	 3.23680624
291.00000000	 3.23369621
291.50000000	 3.23059620
292.00000000	 3.22749618
292.50000000	 3.22441615
293.00000000	 3.22134613
293.50000000	 3.21828611
294.00000000	 3.21523609
294.50000000	 3.21219608
295.00000000	 3.20915606
295.50000000	 3.20613603
296.00000000	 3.20312601
296.50000000	 3.20012599
297.00000000	 3.19713597
297.50000000	 3.19415595
298.00000000	 3.19118593
298.50000000	 3.18822591
299.00000000	 3.18527589
299.50000000	 3.18233587
300.00000000	 3.17940585
300.50000000	 3.17648583
301.00000000	 3.17357581
301.50000000	 3.17067579
302.00000000	 3.16778578
302.50000000	 3.16489576
303.00000000	 3.16202573
303.50000000	 3.15916572
304.00000000	 3.15630570
304.50000000	 3.15346568
305.00000000	 3.15062567
305.50000000	 3.14779564
306.00000000	 3.14498562
306.50000000	 3.14217561
307.00000000	 3.13937559
307.50000000	 3.13658557
308.00000000	 3.13380555
308.50000000	 3.13103554
309.00000000	 3.12826552
309.50000000	 3.12551549
310.00000000	 3.12277548
310.50000000	 3.12003547
311.00000000	 3.11730545
311.50000000	 3.11458543
312.00000000	 3.11187541
312.50000000	 3.10917539
313.00000000	 3.10648538
313.50000000	 3.10379536
314.00000000	 3.10112534
314.50000000	 3.09845533
315.00000000	 3.09579531
315.50000000	 3.09314529
316.00000000	 3.09050527
316.50000000	 3.08787526
317.00000000	 3.08524524
317.50000000	 3.08263522
318.00000000	 3.08002521
318.50000000	 3.07742519
319.00000000	 3.07483518
319.50000000	 3.07224516
320.00000000	 3.06967514
320.50000000	 3.06710513
321.00000000	 3.06454511
321.50000000	 3.06199510
322.00000000	 3.05944508
322.50000000	 3.05691506
323.00000000	 3.05438505
323.50000000	 3.05186504
324.00000000	 3.04934502
324.50000000	 3.04684500
325.00000000	 3.04434499
325.50000000	 3.04185497
326.00000000	 3.03937495
326.50000000	 3.03690494
327.00000000	 3.03443493
327.50000000	 3.03197491
328.00000000	 3.02952489
328.50000000	 3.02708488
329.00000000	 3.02464487
329.50000000	 3.02221485
330.00000000	 3.01979483
330.50000000	 3.01738482
331.00000000	 3.01497481
331.50000000	 3.01257479
332.00000000	 3.01018478
332.50000000	 3.00779476
333.00000000	 3.00542475
333.50000000	 3.00304474
334.00000000	 3.00068472
334.50000000	 2.99832470
335.00000000	 2.99598469
335.50000000	 2.99363468
336.00000000	 2.99130466
336.50000000	 2.98897465
337.00000000	 2.98665464
337.50000000	 2.98433462
338.00000000	 2.98203460
338.50000000	 2.97973460
339.00000000	 2.97743458
339.50000000	 2.97515456
340.00000000	 2.97287456
340.50000000	 2.97059454
341.00000000	 2.96833452
341.50000000	 2.96607452
342.00000000	 2.96381450
342.50000000	 2.96157448
343.00000000	 2.95933448
343.50000000	 2.95709447
344.00000000	 2.95486445
344.50000000	 2.95264443
345.00000000	 2.95043442
345.50000000	 2.94822441
346.00000000	 2.94602439
346.50000000	 2.94383438
347.00000000	 2.94164437
347.50000000	 2.93946436
348.00000000	 2.93728435
348.50000000	 2.93511433
349.00000000	 2.93295432
349.50000000	 2.93079431
350.00000000	 2.92864429
350.50000000	 2.92650428
351.00000000	 2.92436427
351.50000000	 2.92223426
352.00000000	 2.92010425
352.50000000	 2.91798423
353.00000000	 2.91587422
353.50000000	 2.91376421
354.00000000	 2.91166419
354.50000000	 2.90957418
355.00000000	 2.90748418
355.50000000	 2.90539416
356.00000000	 2.90332414
356.50000000	 2.90125414
357.00000000	 2.89918413
357.50000000	 2.89712411
358.00000000	 2.89507410
358.50000000	 2.89302410
359.00000000	 2.89097408
359.50000000	 2.88894406
360.00000000	 2.88691406
360.50000000	 2.88488405
361.00000000	 2.88286403
361.50000000	 2.88085402
362.00000000	 2.87884401
362.50000000	 2.87684400
363.00000000	 2.87484399
363.50000000	 2.87285398
364.00000000	 2.87086397
364.50000000	 2.86888395
365.00000000	 2.86691394
365.50000000	 2.86494393
366.00000000	 2.86298392
366.50000000	 2.86102392
367.00000000	 2.85906390
367.50000000	 2.85712388
368.00000000	 2.85518388
368.50000000	 2.85324387
369.00000000	 2.85131386
369.50000000	 2.84938385
370.00000000	 2.84746384
370.50000000	 2.84554383
371.00000000	 2.84363381
371.50000000	 2.84173380
372.00000000	 2.83983379
372.50000000	 2.83794378
373.00000000	 2.83605378
373.50000000	 2.83416377
374.00000000	 2.83228375
374.50000000	 2.83041374
375.00000000	 2.82854373
375.50000000	 2.82668372
376.00000000	 2.82482372
376.50000000	 2.82296371
377.00000000	 2.82111369
377.50000000	 2.81927368
378.00000000	 2.81743367
378.50000000	 2.81560366
379.00000000	 2.81377365
379.50000000	 2.81195364
380.00000000	 2.81013364
380.50000000	 2.80831363
381.00000000	 2.80650361
381.50000000	 2.80470360
382.00000000	 2.80290360
382.50000000	 2.80110359
383.00000000	 2.79931357
383.50000000	 2.79753356
384.00000000	 2.79575356
384.50000000	 2.79397355
385.00000000	 2.79220353
385.50000000	 2.79044353
386.00000000	 2.78867352
386.50000000	 2.78692350
387.00000000	 2.78517350
387.50000000	 2.78342350
388.00000000	 2.78167348
388.50000000	 2.77994347
389.00000000	 2.77820347
389.50000000	 2.77647345
390.00000000	 2.77475344
390.50000000	 2.77303344
391.00000000	 2.77131343
391.50000000	 2.76960342
392.00000000	 2.76789341
392.50000000	 2.76619340
393.00000000	 2.76449339
393.50000000	 2.76280338
394.00000000	 2.76111337
394.50000000	 2.75943336
395.00000000	 2.75775336
395.50000000	 2.75607335
396.00000000	 2.75440334
396.50000000	 2.75273333
397.00000000	 2.75107332
397.50000000	 2.74941331
398.00000000	 2.74776330
398.50000000	 2.74611330
399.00000000	 2.74446329
399.50000000	 2.74282327
400.00000000	 2.74119328
