0.00000000	 733.42857143
0.50000000	 1160.00000000
1.00000000	 677.10000000
1.50000000	 490.20000000
2.00000000	 388.50000000
2.50000000	 323.80000000
3.00000000	 278.80000000
3.50000000	 245.50000000
4.00000000	 219.70000000
4.50000000	 199.20000000
5.00000000	 182.50000000
5.50000000	 168.50000000
6.00000000	 156.70000000
6.50000000	 146.50000000
7.00000000	 137.70000000
7.50000000	 129.90000000
8.00000000	 123.00000000
8.50000000	 116.90000000
9.00000000	 111.40000000
9.50000000	 106.50000000
10.00000000	 101.90000000
10.50000000	 97.91981919
11.00000000	 94.17474251
11.50000000	 90.67375623
12.00000000	 87.42584663
12.50000000	 84.44000000
13.00000000	 81.68777024
13.50000000	 79.12349440
14.00000000	 76.73033343
14.50000000	 74.49144831
15.00000000	 72.39000000
15.50000000	 70.41238813
16.00000000	 68.54997587
16.50000000	 66.79336956
17.00000000	 65.13317549
17.50000000	 63.56000000
18.00000000	 62.05935614
18.50000000	 60.62662535
19.00000000	 59.26721648
19.50000000	 57.98653841
20.00000000	 56.79000000
20.50000000	 55.65754752
21.00000000	 54.56456730
21.50000000	 53.50962829
22.00000000	 52.49129942
22.50000000	 51.50814964
23.00000000	 50.55874788
23.50000000	 49.64166310
24.00000000	 48.75546423
24.50000000	 47.89872022
25.00000000	 47.07000000
25.50000000	 46.27864799
26.00000000	 45.52976638
26.50000000	 44.81556077
27.00000000	 44.12823677
27.50000000	 43.46000000
28.00000000	 42.80732348
28.50000000	 42.17351999
29.00000000	 41.56105476
29.50000000	 40.97239302
30.00000000	 40.41000000
30.50000000	 39.86736828
31.00000000	 39.33649741
31.50000000	 38.81761304
32.00000000	 38.31094084
32.50000000	 37.81670647
33.00000000	 37.33513557
33.50000000	 36.86645382
34.00000000	 36.41088687
34.50000000	 35.96866037
35.00000000	 35.54000000
35.50000000	 35.12379530
36.00000000	 34.71851107
36.50000000	 34.32373587
37.00000000	 33.93905824
37.50000000	 33.56406672
38.00000000	 33.19834987
38.50000000	 32.84149622
39.00000000	 32.49309433
39.50000000	 32.15273274
40.00000000	 31.82000000
40.50000000	 31.49457576
41.00000000	 31.17631369
41.50000000	 30.86506332
42.00000000	 30.56067419
42.50000000	 30.26299586
43.00000000	 29.97187785
43.50000000	 29.68716972
44.00000000	 29.40872101
44.50000000	 29.13638126
45.00000000	 28.87000000
45.50000000	 28.60941861
46.00000000	 28.35443408
46.50000000	 28.10482937
47.00000000	 27.86038743
47.50000000	 27.62089123
48.00000000	 27.38612373
48.50000000	 27.15586789
49.00000000	 26.92990669
49.50000000	 26.70802307
50.00000000	 26.49000000
50.50000000	 26.27571965
51.00000000	 26.06517851
51.50000000	 25.85833109
52.00000000	 25.65513187
52.50000000	 25.45553534
53.00000000	 25.25949597
53.50000000	 25.06696827
54.00000000	 24.87790672
54.50000000	 24.69226580
55.00000000	 24.51000000
55.50000000	 24.33101518
56.00000000	 24.15518122
56.50000000	 23.98239860
57.00000000	 23.81256783
57.50000000	 23.64558941
58.00000000	 23.48136384
58.50000000	 23.31979161
59.00000000	 23.16077323
59.50000000	 23.00420919
60.00000000	 22.85000000
60.50000000	 22.69812110
61.00000000	 22.54857892
61.50000000	 22.40132043
62.00000000	 22.25629261
62.50000000	 22.11344242
63.00000000	 21.97271683
63.50000000	 21.83406283
64.00000000	 21.69742737
64.50000000	 21.56275744
65.00000000	 21.43000000
65.50000000	 21.29908663
66.00000000	 21.16997376
66.50000000	 21.04264566
67.00000000	 20.91708657
67.50000000	 20.79328076
68.00000000	 20.67121250
68.50000000	 20.55086603
69.00000000	 20.43222561
69.50000000	 20.31527552
70.00000000	 20.20000000
70.50000000	 20.08639870
71.00000000	 19.97443829
71.50000000	 19.86405353
72.00000000	 19.75517921
72.50000000	 19.64775011
73.00000000	 19.54170099
73.50000000	 19.43696665
74.00000000	 19.33348185
74.50000000	 19.23118137
75.00000000	 19.13000000
75.50000000	 19.02990329
76.00000000	 18.93090808
76.50000000	 18.83302603
77.00000000	 18.73626880
77.50000000	 18.64064806
78.00000000	 18.54617547
78.50000000	 18.45286271
79.00000000	 18.36072143
79.50000000	 18.26976331
80.00000000	 18.18000000
80.50000000	 18.09139085
81.00000000	 18.00387112
81.50000000	 17.91741637
82.00000000	 17.83200218
82.50000000	 17.74760409
83.00000000	 17.66419768
83.50000000	 17.58175850
84.00000000	 17.50026212
84.50000000	 17.41968410
85.00000000	 17.34000000
85.50000000	 17.26123090
86.00000000	 17.18339121
86.50000000	 17.10644650
87.00000000	 17.03036232
87.50000000	 16.95510424
88.00000000	 16.88063782
88.50000000	 16.80692862
89.00000000	 16.73394221
89.50000000	 16.66164415
90.00000000	 16.59000000
90.50000000	 16.51897168
91.00000000	 16.44855853
91.50000000	 16.37878220
92.00000000	 16.30966439
92.50000000	 16.24122676
93.00000000	 16.17349099
93.50000000	 16.10647875
94.00000000	 16.04021172
94.50000000	 15.97471158
95.00000000	 15.91000000
95.50000000	 15.84574890
96.00000000	 15.78173666
96.50000000	 15.71814463
97.00000000	 15.65515417
97.50000000	 15.59294662
98.00000000	 15.53170334
98.50000000	 15.47160569
99.00000000	 15.41283501
99.50000000	 15.35557267
100.00000000	 15.30000000
100.50000000	 15.24546134
101.00000000	 15.19118213
101.50000000	 15.13716538
102.00000000	 15.08341410
102.50000000	 15.02993132
103.00000000	 14.97672004
103.50000000	 14.92378329
104.00000000	 14.87112407
104.50000000	 14.81874542
105.00000000	 14.76665033
105.50000000	 14.71484184
106.00000000	 14.66332294
106.50000000	 14.61209667
107.00000000	 14.56116603
107.50000000	 14.51053405
108.00000000	 14.46020373
108.50000000	 14.41017810
109.00000000	 14.36046017
109.50000000	 14.31105296
110.00000000	 14.26195947
110.50000000	 14.21318274
111.00000000	 14.16472577
111.50000000	 14.11659158
112.00000000	 14.06878318
112.50000000	 14.02130360
113.00000000	 13.97415585
113.50000000	 13.92734294
114.00000000	 13.88086789
114.50000000	 13.83473372
115.00000000	 13.78894345
115.50000000	 13.74350008
116.00000000	 13.69840663
116.50000000	 13.65366613
117.00000000	 13.60928158
117.50000000	 13.56525600
118.00000000	 13.52159242
118.50000000	 13.47829384
119.00000000	 13.43536327
119.50000000	 13.39280375
120.00000000	 13.35061828
120.50000000	 13.30880988
121.00000000	 13.26738156
121.50000000	 13.22633634
122.00000000	 13.18567724
122.50000000	 13.14540728
123.00000000	 13.10552946
123.50000000	 13.06604681
124.00000000	 13.02696234
124.50000000	 12.98827906
125.00000000	 12.95000000
125.50000000	 12.91206203
126.00000000	 12.87439866
126.50000000	 12.83700788
127.00000000	 12.79988768
127.50000000	 12.76303604
128.00000000	 12.72645095
128.50000000	 12.69013039
129.00000000	 12.65407234
129.50000000	 12.61827480
130.00000000	 12.58273574
130.50000000	 12.54745316
131.00000000	 12.51242503
131.50000000	 12.47764934
132.00000000	 12.44312408
132.50000000	 12.40884723
133.00000000	 12.37481677
133.50000000	 12.34103070
134.00000000	 12.30748699
134.50000000	 12.27418364
135.00000000	 12.24111862
135.50000000	 12.20828992
136.00000000	 12.17569553
136.50000000	 12.14333343
137.00000000	 12.11120161
137.50000000	 12.07929804
138.00000000	 12.04762073
138.50000000	 12.01616764
139.00000000	 11.98493677
139.50000000	 11.95392611
140.00000000	 11.92313362
140.50000000	 11.89255731
141.00000000	 11.86219516
141.50000000	 11.83204515
142.00000000	 11.80210526
142.50000000	 11.77237349
143.00000000	 11.74284781
143.50000000	 11.71352621
144.00000000	 11.68440668
144.50000000	 11.65548720
145.00000000	 11.62676575
145.50000000	 11.59824033
146.00000000	 11.56990891
146.50000000	 11.54176949
147.00000000	 11.51382004
147.50000000	 11.48605855
148.00000000	 11.45848301
148.50000000	 11.43109140
149.00000000	 11.40388170
149.50000000	 11.37685191
150.00000000	 11.35000000
150.50000000	 11.32332342
151.00000000	 11.29682001
151.50000000	 11.27048831
152.00000000	 11.24432688
152.50000000	 11.21833428
153.00000000	 11.19250906
153.50000000	 11.16684979
154.00000000	 11.14135501
154.50000000	 11.11602329
155.00000000	 11.09085318
155.50000000	 11.06584324
156.00000000	 11.04099203
156.50000000	 11.01629809
157.00000000	 10.99176000
157.50000000	 10.96737629
158.00000000	 10.94314554
158.50000000	 10.91906630
159.00000000	 10.89513712
159.50000000	 10.87135656
160.00000000	 10.84772318
160.50000000	 10.82423554
161.00000000	 10.80089218
161.50000000	 10.77769167
162.00000000	 10.75463257
162.50000000	 10.73171343
163.00000000	 10.70893280
163.50000000	 10.68628924
164.00000000	 10.66378132
164.50000000	 10.64140759
165.00000000	 10.61916659
165.50000000	 10.59705690
166.00000000	 10.57507706
166.50000000	 10.55322564
167.00000000	 10.53150119
167.50000000	 10.50990226
168.00000000	 10.48842742
168.50000000	 10.46707521
169.00000000	 10.44584420
169.50000000	 10.42473295
170.00000000	 10.40374000
170.50000000	 10.38286392
171.00000000	 10.36210326
171.50000000	 10.34145658
172.00000000	 10.32092244
172.50000000	 10.30049939
173.00000000	 10.28018599
173.50000000	 10.25998079
174.00000000	 10.23988236
174.50000000	 10.21988924
175.00000000	 10.20000000
175.50000000	 10.18021562
176.00000000	 10.16053761
176.50000000	 10.14096530
177.00000000	 10.12149802
177.50000000	 10.10213510
178.00000000	 10.08287588
178.50000000	 10.06371969
179.00000000	 10.04466587
179.50000000	 10.02571374
180.00000000	 10.00686263
180.50000000	 9.98811189
181.00000000	 9.96946084
181.50000000	 9.95090882
182.00000000	 9.93245515
182.50000000	 9.91409918
183.00000000	 9.89584023
183.50000000	 9.87767763
184.00000000	 9.85961072
184.50000000	 9.84163884
185.00000000	 9.82376131
185.50000000	 9.80597747
186.00000000	 9.78828664
186.50000000	 9.77068817
187.00000000	 9.75318139
187.50000000	 9.73576562
188.00000000	 9.71844020
188.50000000	 9.70120446
189.00000000	 9.68405774
189.50000000	 9.66699937
190.00000000	 9.65002867
190.50000000	 9.63314499
191.00000000	 9.61634766
191.50000000	 9.59963600
192.00000000	 9.58300936
192.50000000	 9.56646706
193.00000000	 9.55000843
193.50000000	 9.53363282
194.00000000	 9.51733955
194.50000000	 9.50112795
195.00000000	 9.48499736
195.50000000	 9.46894710
196.00000000	 9.45297652
196.50000000	 9.43708495
197.00000000	 9.42127171
197.50000000	 9.40553614
198.00000000	 9.38987758
198.50000000	 9.37429535
199.00000000	 9.35878879
199.50000000	 9.34335723
200.00000000	 9.32800000
200.50000000	 9.31271634
201.00000000	 9.29750566
201.50000000	 9.28236753
202.00000000	 9.26730154
202.50000000	 9.25230727
203.00000000	 9.23738429
203.50000000	 9.22253220
204.00000000	 9.20775056
204.50000000	 9.19303897
205.00000000	 9.17839699
205.50000000	 9.16382423
206.00000000	 9.14932024
206.50000000	 9.13488463
207.00000000	 9.12051696
207.50000000	 9.10621682
208.00000000	 9.09198379
208.50000000	 9.07781745
209.00000000	 9.06371738
209.50000000	 9.04968316
210.00000000	 9.03571438
210.50000000	 9.02181061
211.00000000	 9.00797144
211.50000000	 8.99419645
212.00000000	 8.98048521
212.50000000	 8.96683731
213.00000000	 8.95325234
213.50000000	 8.93972987
214.00000000	 8.92626947
214.50000000	 8.91287075
215.00000000	 8.89953327
215.50000000	 8.88625661
216.00000000	 8.87304036
216.50000000	 8.85988410
217.00000000	 8.84678741
217.50000000	 8.83374987
218.00000000	 8.82077106
218.50000000	 8.80785057
219.00000000	 8.79498796
219.50000000	 8.78218284
220.00000000	 8.76943477
220.50000000	 8.75674334
221.00000000	 8.74410812
221.50000000	 8.73152871
222.00000000	 8.71900467
222.50000000	 8.70653560
223.00000000	 8.69412107
223.50000000	 8.68176066
224.00000000	 8.66945396
224.50000000	 8.65720055
225.00000000	 8.64500000
225.50000000	 8.63285195
226.00000000	 8.62075611
226.50000000	 8.60871221
227.00000000	 8.59671995
227.50000000	 8.58477906
228.00000000	 8.57288924
228.50000000	 8.56105023
229.00000000	 8.54926172
229.50000000	 8.53752345
230.00000000	 8.52583512
230.50000000	 8.51419645
231.00000000	 8.50260716
231.50000000	 8.49106696
232.00000000	 8.47957557
232.50000000	 8.46813271
233.00000000	 8.45673810
233.50000000	 8.44539144
234.00000000	 8.43409246
234.50000000	 8.42284087
235.00000000	 8.41163638
235.50000000	 8.40047873
236.00000000	 8.38936761
236.50000000	 8.37830275
237.00000000	 8.36728386
237.50000000	 8.35631067
238.00000000	 8.34538288
238.50000000	 8.33450021
239.00000000	 8.32366238
239.50000000	 8.31286910
240.00000000	 8.30212010
240.50000000	 8.29141508
241.00000000	 8.28075377
241.50000000	 8.27013587
242.00000000	 8.25956111
242.50000000	 8.24902921
243.00000000	 8.23853987
243.50000000	 8.22809282
244.00000000	 8.21768777
244.50000000	 8.20732444
245.00000000	 8.19700254
245.50000000	 8.18672179
246.00000000	 8.17648191
246.50000000	 8.16628261
247.00000000	 8.15612361
247.50000000	 8.14600462
248.00000000	 8.13592537
248.50000000	 8.12588557
249.00000000	 8.11588492
249.50000000	 8.10592316
250.00000000	 8.09600000
250.50000000	 8.08611501
251.00000000	 8.07626786
251.50000000	 8.06645839
252.00000000	 8.05668644
252.50000000	 8.04695185
253.00000000	 8.03725447
253.50000000	 8.02759414
254.00000000	 8.01797069
254.50000000	 8.00838397
255.00000000	 7.99883383
255.50000000	 7.98932010
256.00000000	 7.97984262
256.50000000	 7.97040124
257.00000000	 7.96099580
257.50000000	 7.95162614
258.00000000	 7.94229210
258.50000000	 7.93299353
259.00000000	 7.92373026
259.50000000	 7.91450214
260.00000000	 7.90530901
260.50000000	 7.89615071
261.00000000	 7.88702708
261.50000000	 7.87793796
262.00000000	 7.86888320
262.50000000	 7.85986264
263.00000000	 7.85087612
263.50000000	 7.84192348
264.00000000	 7.83300457
264.50000000	 7.82411922
265.00000000	 7.81526727
265.50000000	 7.80644857
266.00000000	 7.79766297
266.50000000	 7.78891029
267.00000000	 7.78019039
267.50000000	 7.77150310
268.00000000	 7.76284827
268.50000000	 7.75422574
269.00000000	 7.74563535
269.50000000	 7.73707694
270.00000000	 7.72855036
270.50000000	 7.72005544
271.00000000	 7.71159202
271.50000000	 7.70315996
272.00000000	 7.69475909
272.50000000	 7.68638925
273.00000000	 7.67805028
273.50000000	 7.66974203
274.00000000	 7.66146434
274.50000000	 7.65321705
275.00000000	 7.64500000
275.50000000	 7.63680899
276.00000000	 7.62864016
276.50000000	 7.62049381
277.00000000	 7.61237029
277.50000000	 7.60426992
278.00000000	 7.59619302
278.50000000	 7.58813992
279.00000000	 7.58011095
279.50000000	 7.57210643
280.00000000	 7.56412669
280.50000000	 7.55617206
281.00000000	 7.54824285
281.50000000	 7.54033940
282.00000000	 7.53246204
282.50000000	 7.52461109
283.00000000	 7.51678687
283.50000000	 7.50898971
284.00000000	 7.50121994
284.50000000	 7.49347789
285.00000000	 7.48576387
285.50000000	 7.47807823
286.00000000	 7.47042127
286.50000000	 7.46279333
287.00000000	 7.45519474
287.50000000	 7.44762582
288.00000000	 7.44008690
288.50000000	 7.43257830
289.00000000	 7.42510035
289.50000000	 7.41765338
290.00000000	 7.41023771
290.50000000	 7.40285366
291.00000000	 7.39550158
291.50000000	 7.38818177
292.00000000	 7.38089457
292.50000000	 7.37364030
293.00000000	 7.36641929
293.50000000	 7.35923186
294.00000000	 7.35207835
294.50000000	 7.34495907
295.00000000	 7.33787436
295.50000000	 7.33082454
296.00000000	 7.32380993
296.50000000	 7.31683087
297.00000000	 7.30988767
297.50000000	 7.30298067
298.00000000	 7.29611019
298.50000000	 7.28927656
299.00000000	 7.28248010
299.50000000	 7.27572114
300.00000000	 7.26900000
300.50000000	 7.26230541
301.00000000	 7.25562587
301.50000000	 7.24896143
302.00000000	 7.24231211
302.50000000	 7.23567795
303.00000000	 7.22905897
303.50000000	 7.22245520
304.00000000	 7.21586667
304.50000000	 7.20929342
305.00000000	 7.20273547
305.50000000	 7.19619286
306.00000000	 7.18966561
306.50000000	 7.18315375
307.00000000	 7.17665733
307.50000000	 7.17017635
308.00000000	 7.16371087
308.50000000	 7.15726090
309.00000000	 7.15082648
309.50000000	 7.14440763
310.00000000	 7.13800440
310.50000000	 7.13161680
311.00000000	 7.12524486
311.50000000	 7.11888863
312.00000000	 7.11254813
312.50000000	 7.10622338
313.00000000	 7.09991443
313.50000000	 7.09362129
314.00000000	 7.08734401
314.50000000	 7.08108260
315.00000000	 7.07483711
315.50000000	 7.06860756
316.00000000	 7.06239397
316.50000000	 7.05619640
317.00000000	 7.05001485
317.50000000	 7.04384936
318.00000000	 7.03769997
318.50000000	 7.03156670
319.00000000	 7.02544959
319.50000000	 7.01934866
320.00000000	 7.01326394
320.50000000	 7.00719547
321.00000000	 7.00114327
321.50000000	 6.99510738
322.00000000	 6.98908782
322.50000000	 6.98308463
323.00000000	 6.97709784
323.50000000	 6.97112747
324.00000000	 6.96517355
324.50000000	 6.95923613
325.00000000	 6.95331522
325.50000000	 6.94741086
326.00000000	 6.94152308
326.50000000	 6.93565191
327.00000000	 6.92979738
327.50000000	 6.92395951
328.00000000	 6.91813835
328.50000000	 6.91233391
329.00000000	 6.90654624
329.50000000	 6.90077535
330.00000000	 6.89502129
330.50000000	 6.88928408
331.00000000	 6.88356374
331.50000000	 6.87786033
332.00000000	 6.87217385
332.50000000	 6.86650434
333.00000000	 6.86085184
333.50000000	 6.85521637
334.00000000	 6.84959797
334.50000000	 6.84399665
335.00000000	 6.83841247
335.50000000	 6.83284543
336.00000000	 6.82729559
336.50000000	 6.82176295
337.00000000	 6.81624756
337.50000000	 6.81074945
338.00000000	 6.80526865
338.50000000	 6.79980518
339.00000000	 6.79435907
339.50000000	 6.78893037
340.00000000	 6.78351909
340.50000000	 6.77812527
341.00000000	 6.77274894
341.50000000	 6.76739012
342.00000000	 6.76204886
342.50000000	 6.75672517
343.00000000	 6.75141910
343.50000000	 6.74613066
344.00000000	 6.74085989
344.50000000	 6.73560683
345.00000000	 6.73037149
345.50000000	 6.72515392
346.00000000	 6.71995413
346.50000000	 6.71477217
347.00000000	 6.70960806
347.50000000	 6.70446184
348.00000000	 6.69933352
348.50000000	 6.69422315
349.00000000	 6.68913075
349.50000000	 6.68405636
350.00000000	 6.67900000
350.50000000	 6.67395977
351.00000000	 6.66893370
351.50000000	 6.66392177
352.00000000	 6.65892392
352.50000000	 6.65394010
353.00000000	 6.64897028
353.50000000	 6.64401441
354.00000000	 6.63907245
354.50000000	 6.63414434
355.00000000	 6.62923006
355.50000000	 6.62432955
356.00000000	 6.61944277
356.50000000	 6.61456968
357.00000000	 6.60971023
357.50000000	 6.60486437
358.00000000	 6.60003208
358.50000000	 6.59521329
359.00000000	 6.59040796
359.50000000	 6.58561606
360.00000000	 6.58083754
360.50000000	 6.57607235
361.00000000	 6.57132045
361.50000000	 6.56658179
362.00000000	 6.56185634
362.50000000	 6.55714405
363.00000000	 6.55244487
363.50000000	 6.54775875
364.00000000	 6.54308567
364.50000000	 6.53842556
365.00000000	 6.53377840
365.50000000	 6.52914412
366.00000000	 6.52452270
366.50000000	 6.51991408
367.00000000	 6.51531822
367.50000000	 6.51073508
368.00000000	 6.50616461
368.50000000	 6.50160678
369.00000000	 6.49706152
369.50000000	 6.49252881
370.00000000	 6.48800860
370.50000000	 6.48350084
371.00000000	 6.47900549
371.50000000	 6.47452250
372.00000000	 6.47005183
372.50000000	 6.46559344
373.00000000	 6.46114729
373.50000000	 6.45671332
374.00000000	 6.45229150
374.50000000	 6.44788177
375.00000000	 6.44348411
375.50000000	 6.43909846
376.00000000	 6.43472477
376.50000000	 6.43036301
377.00000000	 6.42601313
377.50000000	 6.42167509
378.00000000	 6.41734884
378.50000000	 6.41303434
379.00000000	 6.40873155
379.50000000	 6.40444041
380.00000000	 6.40016089
380.50000000	 6.39589294
381.00000000	 6.39163652
381.50000000	 6.38739159
382.00000000	 6.38315809
382.50000000	 6.37893600
383.00000000	 6.37472525
383.50000000	 6.37052581
384.00000000	 6.36633764
384.50000000	 6.36216068
385.00000000	 6.35799491
385.50000000	 6.35384026
386.00000000	 6.34969670
386.50000000	 6.34556419
387.00000000	 6.34144267
387.50000000	 6.33733212
388.00000000	 6.33323247
388.50000000	 6.32914369
389.00000000	 6.32506574
389.50000000	 6.32099856
390.00000000	 6.31694212
390.50000000	 6.31289637
391.00000000	 6.30886127
391.50000000	 6.30483678
392.00000000	 6.30082284
392.50000000	 6.29681942
393.00000000	 6.29282647
393.50000000	 6.28884394
394.00000000	 6.28487180
394.50000000	 6.28091000
395.00000000	 6.27695850
395.50000000	 6.27301724
396.00000000	 6.26908620
396.50000000	 6.26516531
397.00000000	 6.26125455
397.50000000	 6.25735386
398.00000000	 6.25346320
398.50000000	 6.24958253
399.00000000	 6.24571180
399.50000000	 6.24185097
400.00000000	 6.23800000
