0.00000000	 0.00000000
0.50000000	 351.03414121
1.00000000	 227.93446869
1.50000000	 171.54899621
2.00000000	 139.92509917
2.50000000	 119.17033729
3.00000000	 103.77731874
3.50000000	 92.28069374
4.00000000	 83.51178879
4.50000000	 76.49393887
5.00000000	 70.57634894
5.50000000	 65.56770951
6.00000000	 61.30543697
6.50000000	 57.59173007
7.00000000	 54.34335610
7.50000000	 51.50708103
8.00000000	 48.94733653
8.50000000	 46.65534793
9.00000000	 44.58743359
9.50000000	 42.71197379
10.00000000	 41.00536481
10.50000000	 39.44068463
11.00000000	 38.01415104
11.50000000	 36.68585391
12.00000000	 35.45628600
12.50000000	 34.29751937
13.00000000	 33.23285609
13.50000000	 32.23882222
14.00000000	 31.30839745
14.50000000	 30.43918849
15.00000000	 29.61839227
15.50000000	 28.84540113
16.00000000	 28.11591796
16.50000000	 27.42624178
17.00000000	 26.77307136
17.50000000	 26.15390352
18.00000000	 25.56854165
18.50000000	 25.01148712
19.00000000	 24.48073637
19.50000000	 23.97448922
20.00000000	 23.49094526
20.50000000	 23.02870410
21.00000000	 22.58636574
21.50000000	 22.16252987
22.00000000	 21.75609620
22.50000000	 21.36596462
23.00000000	 20.99113484
23.50000000	 20.63080687
24.00000000	 20.28397830
24.50000000	 19.95215356
25.00000000	 19.63023212
25.50000000	 19.31980993
26.00000000	 19.02008894
26.50000000	 18.73066885
27.00000000	 18.45104986
27.50000000	 18.18063187
28.00000000	 17.91901468
28.50000000	 17.66579839
29.00000000	 17.42048300
29.50000000	 17.18266820
30.00000000	 16.95215401
30.50000000	 16.72854062
31.00000000	 16.51142772
31.50000000	 16.30071543
32.00000000	 16.09590373
32.50000000	 15.89689243
33.00000000	 15.70338164
33.50000000	 15.51517124
34.00000000	 15.33206135
34.50000000	 15.15375103
35.00000000	 14.98094197
35.50000000	 14.81173405
36.00000000	 14.64682555
36.50000000	 14.48611746
37.00000000	 14.32930966
37.50000000	 14.17640216
38.00000000	 14.02709496
38.50000000	 13.88138797
39.00000000	 13.73908117
39.50000000	 13.60017467
40.00000000	 13.46436847
40.50000000	 13.33166237
41.00000000	 13.20195657
41.50000000	 13.07505087
42.00000000	 12.95104538
42.50000000	 12.82964018
43.00000000	 12.71083508
43.50000000	 12.59453018
44.00000000	 12.48062538
44.50000000	 12.36912068
45.00000000	 12.25991618
45.50000000	 12.15291188
46.00000000	 12.04800768
46.50000000	 11.94520348
47.00000000	 11.84449949
47.50000000	 11.74569579
48.00000000	 11.64869198
48.50000000	 11.55368829
49.00000000	 11.46038489
49.50000000	 11.36878139
50.00000000	 11.27897799
50.50000000	 11.19077448
51.00000000	 11.10447129
51.50000000	 11.01946859
52.00000000	 10.93586559
52.50000000	 10.85386269
53.00000000	 10.77315999
53.50000000	 10.69385719
54.00000000	 10.61595439
54.50000000	 10.53945179
55.00000000	 10.46414939
55.50000000	 10.39004689
56.00000000	 10.31724439
56.50000000	 10.24564209
57.00000000	 10.17513979
57.50000000	 10.10583749
58.00000000	 10.03763531
58.50000000	 9.97051319
59.00000000	 9.90443113
59.50000000	 9.83936909
60.00000000	 9.77532710
60.50000000	 9.71225516
61.00000000	 9.65015326
61.50000000	 9.58898143
62.00000000	 9.52871962
62.50000000	 9.46935785
63.00000000	 9.41086612
63.50000000	 9.35323442
64.00000000	 9.29644277
64.50000000	 9.24046116
65.00000000	 9.18527957
65.50000000	 9.13088802
66.00000000	 9.07725651
66.50000000	 9.02437503
67.00000000	 8.97222358
67.50000000	 8.92079215
68.00000000	 8.87007076
68.50000000	 8.82002940
69.00000000	 8.77066806
69.50000000	 8.72196675
70.00000000	 8.67391547
70.50000000	 8.62649422
71.00000000	 8.57969299
71.50000000	 8.53350178
72.00000000	 8.48791060
72.50000000	 8.44289944
73.00000000	 8.39846829
73.50000000	 8.35460718
74.00000000	 8.31128609
74.50000000	 8.26851501
75.00000000	 8.22627396
75.50000000	 8.18455293
76.00000000	 8.14334192
76.50000000	 8.10263092
77.00000000	 8.06241994
77.50000000	 8.02268898
78.00000000	 7.98343804
78.50000000	 7.94464712
79.00000000	 7.90631621
79.50000000	 7.86843531
80.00000000	 7.83100443
80.50000000	 7.79400358
81.00000000	 7.75742273
81.50000000	 7.72127190
82.00000000	 7.68552109
82.50000000	 7.65018028
83.00000000	 7.61523949
83.50000000	 7.58068871
84.00000000	 7.54652795
84.50000000	 7.51273720
85.00000000	 7.47932646
85.50000000	 7.44627574
86.00000000	 7.41358503
86.50000000	 7.38124433
87.00000000	 7.34925363
87.50000000	 7.31761295
88.00000000	 7.28630229
88.50000000	 7.25532163
89.00000000	 7.22467098
89.50000000	 7.19434035
90.00000000	 7.16431972
90.50000000	 7.13461910
91.00000000	 7.10521850
91.50000000	 7.07611790
92.00000000	 7.04731731
92.50000000	 7.01880673
93.00000000	 6.99058616
93.50000000	 6.96264560
94.00000000	 6.93498505
94.50000000	 6.90759450
95.00000000	 6.88048396
95.50000000	 6.85363344
96.00000000	 6.82704291
96.50000000	 6.80072239
97.00000000	 6.77465190
97.50000000	 6.74882140
98.00000000	 6.72325090
98.50000000	 6.69792042
99.00000000	 6.67282994
99.50000000	 6.64797947
100.00000000	 6.62335901
100.50000000	 6.59896855
101.00000000	 6.57480810
101.50000000	 6.55086765
102.00000000	 6.52715721
102.50000000	 6.50365679
103.00000000	 6.48036636
103.50000000	 6.45729594
104.00000000	 6.43442552
104.50000000	 6.41177511
105.00000000	 6.38931472
105.50000000	 6.36705431
106.00000000	 6.34500391
106.50000000	 6.32314353
107.00000000	 6.30147315
107.50000000	 6.27999278
108.00000000	 6.25869240
108.50000000	 6.23759203
109.00000000	 6.21666167
109.50000000	 6.19592131
110.00000000	 6.17535096
110.50000000	 6.15496061
111.00000000	 6.13474027
111.50000000	 6.11468993
112.00000000	 6.09480959
112.50000000	 6.07509926
113.00000000	 6.05554893
113.50000000	 6.03616861
114.00000000	 6.01693829
114.50000000	 5.99787797
115.00000000	 5.97896767
115.50000000	 5.96020736
116.00000000	 5.94160705
116.50000000	 5.92315675
117.00000000	 5.90485646
117.50000000	 5.88669617
118.00000000	 5.86868588
118.50000000	 5.85081559
119.00000000	 5.83309530
119.50000000	 5.81551503
120.00000000	 5.79806476
120.50000000	 5.78075448
121.00000000	 5.76358421
121.50000000	 5.74654395
122.00000000	 5.72963369
122.50000000	 5.71285342
123.00000000	 5.69621316
123.50000000	 5.67969292
124.00000000	 5.66329267
124.50000000	 5.64702241
125.00000000	 5.63088217
125.50000000	 5.61485193
126.00000000	 5.59895169
126.50000000	 5.58316145
127.00000000	 5.56750122
127.50000000	 5.55194099
128.00000000	 5.53651075
128.50000000	 5.52119053
129.00000000	 5.50598031
129.50000000	 5.49088009
130.00000000	 5.47588987
130.50000000	 5.46100965
131.00000000	 5.44623943
131.50000000	 5.43157922
132.00000000	 5.41701902
132.50000000	 5.40255881
133.00000000	 5.38820860
133.50000000	 5.37395840
134.00000000	 5.35980820
134.50000000	 5.34575800
135.00000000	 5.33180780
135.50000000	 5.31795760
136.00000000	 5.30420741
136.50000000	 5.29054723
137.00000000	 5.27697704
137.50000000	 5.26350685
138.00000000	 5.25012667
138.50000000	 5.23683648
139.00000000	 5.22364630
139.50000000	 5.21053613
140.00000000	 5.19751594
140.50000000	 5.18459577
141.00000000	 5.17174560
141.50000000	 5.15899542
142.00000000	 5.14632526
142.50000000	 5.13373509
143.00000000	 5.12123492
143.50000000	 5.10881475
144.00000000	 5.09648459
144.50000000	 5.08422443
145.00000000	 5.07205427
145.50000000	 5.05995411
146.00000000	 5.04794395
146.50000000	 5.03600380
147.00000000	 5.02414365
147.50000000	 5.01235350
148.00000000	 5.00064334
148.50000000	 4.98901319
149.00000000	 4.97745304
149.50000000	 4.96597289
150.00000000	 4.95456275
150.50000000	 4.94322261
151.00000000	 4.93195247
151.50000000	 4.92075233
152.00000000	 4.90962218
152.50000000	 4.89857204
153.00000000	 4.88758191
153.50000000	 4.87666177
154.00000000	 4.86581164
154.50000000	 4.85502151
155.00000000	 4.84430137
155.50000000	 4.83365124
156.00000000	 4.82306111
156.50000000	 4.81254098
157.00000000	 4.80208085
157.50000000	 4.79169073
158.00000000	 4.78135061
158.50000000	 4.77108047
159.00000000	 4.76088035
159.50000000	 4.75073024
160.00000000	 4.74064011
160.50000000	 4.73061999
161.00000000	 4.72064988
161.50000000	 4.71073976
162.00000000	 4.70088964
162.50000000	 4.69109952
163.00000000	 4.68136941
163.50000000	 4.67168930
164.00000000	 4.66206919
164.50000000	 4.65249907
165.00000000	 4.64299896
165.50000000	 4.63353886
166.00000000	 4.62413874
166.50000000	 4.61479864
167.00000000	 4.60549853
167.50000000	 4.59626842
168.00000000	 4.58707832
168.50000000	 4.57794821
169.00000000	 4.56886811
169.50000000	 4.55983801
170.00000000	 4.55085791
170.50000000	 4.54192781
171.00000000	 4.53304771
171.50000000	 4.52421761
172.00000000	 4.51543751
172.50000000	 4.50670741
173.00000000	 4.49802732
173.50000000	 4.48938723
174.00000000	 4.48079713
174.50000000	 4.47225703
175.00000000	 4.46376694
175.50000000	 4.45531685
176.00000000	 4.44691675
176.50000000	 4.43856666
177.00000000	 4.43025657
177.50000000	 4.42199648
178.00000000	 4.41377640
178.50000000	 4.40559631
179.00000000	 4.39746622
179.50000000	 4.38937613
180.00000000	 4.38133604
180.50000000	 4.37333596
181.00000000	 4.36537588
181.50000000	 4.35745580
182.00000000	 4.34957571
182.50000000	 4.34174562
183.00000000	 4.33395554
183.50000000	 4.32620546
184.00000000	 4.31849539
184.50000000	 4.31081531
185.00000000	 4.30318522
185.50000000	 4.29559514
186.00000000	 4.28804506
186.50000000	 4.28053499
187.00000000	 4.27305491
187.50000000	 4.26562483
188.00000000	 4.25822476
188.50000000	 4.25086468
189.00000000	 4.24354461
189.50000000	 4.23625454
190.00000000	 4.22900446
190.50000000	 4.22179438
191.00000000	 4.21462431
191.50000000	 4.20748424
192.00000000	 4.20038417
192.50000000	 4.19331410
193.00000000	 4.18628403
193.50000000	 4.17928396
194.00000000	 4.17232389
194.50000000	 4.16539382
195.00000000	 4.15850375
195.50000000	 4.15164369
196.00000000	 4.14481362
196.50000000	 4.13802355
197.00000000	 4.13126348
197.50000000	 4.12454342
198.00000000	 4.11784336
198.50000000	 4.11118328
199.00000000	 4.10456322
199.50000000	 4.09796316
200.00000000	 4.09140310
200.50000000	 4.08486304
201.00000000	 4.07836296
201.50000000	 4.07190290
202.00000000	 4.06546285
202.50000000	 4.05905279
203.00000000	 4.05267272
203.50000000	 4.04633266
204.00000000	 4.04001261
204.50000000	 4.03372254
205.00000000	 4.02747248
205.50000000	 4.02124243
206.00000000	 4.01504237
206.50000000	 4.00887231
207.00000000	 4.00273225
207.50000000	 3.99662219
208.00000000	 3.99054214
208.50000000	 3.98448209
209.00000000	 3.97845202
209.50000000	 3.97246197
210.00000000	 3.96648192
210.50000000	 3.96054186
211.00000000	 3.95462180
211.50000000	 3.94874175
212.00000000	 3.94287170
212.50000000	 3.93704164
213.00000000	 3.93123159
213.50000000	 3.92545154
214.00000000	 3.91969149
214.50000000	 3.91396143
215.00000000	 3.90826138
215.50000000	 3.90258134
216.00000000	 3.89692128
216.50000000	 3.89130123
217.00000000	 3.88569118
217.50000000	 3.88012113
218.00000000	 3.87456108
218.50000000	 3.86904103
219.00000000	 3.86353098
219.50000000	 3.85806093
220.00000000	 3.85260089
220.50000000	 3.84717084
221.00000000	 3.84176079
221.50000000	 3.83638074
222.00000000	 3.83102069
222.50000000	 3.82569065
223.00000000	 3.82037061
223.50000000	 3.81508055
224.00000000	 3.80982051
224.50000000	 3.80457047
225.00000000	 3.79935042
225.50000000	 3.79415037
226.00000000	 3.78898033
226.50000000	 3.78382029
227.00000000	 3.77869024
227.50000000	 3.77358019
228.00000000	 3.76850015
228.50000000	 3.76343011
229.00000000	 3.75839007
229.50000000	 3.75336003
230.00000000	 3.74835998
230.50000000	 3.74337994
231.00000000	 3.73841990
231.50000000	 3.73347986
232.00000000	 3.72855981
232.50000000	 3.72366977
233.00000000	 3.71878974
233.50000000	 3.71392969
234.00000000	 3.70909965
234.50000000	 3.70427961
235.00000000	 3.69948957
235.50000000	 3.69470954
236.00000000	 3.68994949
236.50000000	 3.68521945
237.00000000	 3.68049942
237.50000000	 3.67579937
238.00000000	 3.67112933
238.50000000	 3.66646930
239.00000000	 3.66182926
239.50000000	 3.65720923
240.00000000	 3.65259919
240.50000000	 3.64801915
241.00000000	 3.64344911
241.50000000	 3.63890907
242.00000000	 3.63437904
242.50000000	 3.62986900
243.00000000	 3.62537896
243.50000000	 3.62090893
244.00000000	 3.61644890
244.50000000	 3.61200886
245.00000000	 3.60758882
245.50000000	 3.60318878
246.00000000	 3.59880875
246.50000000	 3.59443872
247.00000000	 3.59008868
247.50000000	 3.58575865
248.00000000	 3.58143862
248.50000000	 3.57713858
249.00000000	 3.57285854
249.50000000	 3.56859851
250.00000000	 3.56434848
250.50000000	 3.56011845
251.00000000	 3.55589842
251.50000000	 3.55169838
252.00000000	 3.54751835
252.50000000	 3.54334832
253.00000000	 3.53919828
253.50000000	 3.53506825
254.00000000	 3.53094822
254.50000000	 3.52684818
255.00000000	 3.52276815
255.50000000	 3.51869813
256.00000000	 3.51463810
256.50000000	 3.51059806
257.00000000	 3.50657803
257.50000000	 3.50256800
258.00000000	 3.49857797
258.50000000	 3.49459794
259.00000000	 3.49063791
259.50000000	 3.48668788
260.00000000	 3.48275785
260.50000000	 3.47883782
261.00000000	 3.47493779
261.50000000	 3.47104777
262.00000000	 3.46716773
262.50000000	 3.46331770
263.00000000	 3.45946768
263.50000000	 3.45563765
264.00000000	 3.45181762
264.50000000	 3.44801759
265.00000000	 3.44422756
265.50000000	 3.44045753
266.00000000	 3.43669750
266.50000000	 3.43295748
267.00000000	 3.42921745
267.50000000	 3.42550742
268.00000000	 3.42179740
268.50000000	 3.41810737
269.00000000	 3.41442734
269.50000000	 3.41076731
270.00000000	 3.40711729
270.50000000	 3.40347726
271.00000000	 3.39985723
271.50000000	 3.39624721
272.00000000	 3.39264718
272.50000000	 3.38906716
273.00000000	 3.38548713
273.50000000	 3.38193710
274.00000000	 3.37838708
274.50000000	 3.37485705
275.00000000	 3.37133703
275.50000000	 3.36782701
276.00000000	 3.36432698
276.50000000	 3.36084695
277.00000000	 3.35737693
277.50000000	 3.35391690
278.00000000	 3.35047688
278.50000000	 3.34703686
279.00000000	 3.34361683
279.50000000	 3.34020680
280.00000000	 3.33681678
280.50000000	 3.33342676
281.00000000	 3.33005673
281.50000000	 3.32669671
282.00000000	 3.32334669
282.50000000	 3.32000667
283.00000000	 3.31667664
283.50000000	 3.31336661
284.00000000	 3.31006659
284.50000000	 3.30677657
285.00000000	 3.30349655
285.50000000	 3.30022653
286.00000000	 3.29696651
286.50000000	 3.29371648
287.00000000	 3.29048645
287.50000000	 3.28726644
288.00000000	 3.28404642
288.50000000	 3.28084639
289.00000000	 3.27765637
289.50000000	 3.27447634
290.00000000	 3.27131632
290.50000000	 3.26815631
291.00000000	 3.26500629
291.50000000	 3.26186626
292.00000000	 3.25874624
292.50000000	 3.25562622
293.00000000	 3.25252619
293.50000000	 3.24943618
294.00000000	 3.24634616
294.50000000	 3.24327613
295.00000000	 3.24021611
295.50000000	 3.23716610
296.00000000	 3.23411608
296.50000000	 3.23108605
297.00000000	 3.22806603
297.50000000	 3.22505601
298.00000000	 3.22205599
298.50000000	 3.21906597
299.00000000	 3.21608596
299.50000000	 3.21310594
300.00000000	 3.21014591
300.50000000	 3.20719589
301.00000000	 3.20425587
301.50000000	 3.20132586
302.00000000	 3.19839584
302.50000000	 3.19548581
303.00000000	 3.19258580
303.50000000	 3.18968578
304.00000000	 3.18680576
304.50000000	 3.18392574
305.00000000	 3.18106572
305.50000000	 3.17820571
306.00000000	 3.17535568
306.50000000	 3.17252566
307.00000000	 3.16969565
307.50000000	 3.16687563
308.00000000	 3.16406561
308.50000000	 3.16126559
309.00000000	 3.15847558
309.50000000	 3.15568556
310.00000000	 3.15291554
310.50000000	 3.15014552
311.00000000	 3.14739550
311.50000000	 3.14464549
312.00000000	 3.14190547
312.50000000	 3.13917545
313.00000000	 3.13645543
313.50000000	 3.13374541
314.00000000	 3.13104540
314.50000000	 3.12834539
315.00000000	 3.12565536
315.50000000	 3.12298534
316.00000000	 3.12031533
316.50000000	 3.11765532
317.00000000	 3.11499530
317.50000000	 3.11235528
318.00000000	 3.10971526
318.50000000	 3.10709524
319.00000000	 3.10447523
319.50000000	 3.10186522
320.00000000	 3.09925520
320.50000000	 3.09666518
321.00000000	 3.09407517
321.50000000	 3.09149515
322.00000000	 3.08892513
322.50000000	 3.08636512
323.00000000	 3.08380510
323.50000000	 3.08126508
324.00000000	 3.07872507
324.50000000	 3.07619506
325.00000000	 3.07366504
325.50000000	 3.07115502
326.00000000	 3.06864501
326.50000000	 3.06614499
327.00000000	 3.06365498
327.50000000	 3.06116496
328.00000000	 3.05869494
328.50000000	 3.05622493
329.00000000	 3.05376492
329.50000000	 3.05130491
330.00000000	 3.04885489
330.50000000	 3.04641487
331.00000000	 3.04398485
331.50000000	 3.04156484
332.00000000	 3.03914483
332.50000000	 3.03673481
333.00000000	 3.03433480
333.50000000	 3.03193479
334.00000000	 3.02954477
334.50000000	 3.02716475
335.00000000	 3.02479474
335.50000000	 3.02242473
336.00000000	 3.02006471
336.50000000	 3.01771470
337.00000000	 3.01536468
337.50000000	 3.01303467
338.00000000	 3.01069466
338.50000000	 3.00837464
339.00000000	 3.00605463
339.50000000	 3.00374461
340.00000000	 3.00144460
340.50000000	 2.99914459
341.00000000	 2.99685458
341.50000000	 2.99456456
342.00000000	 2.99229454
342.50000000	 2.99002454
343.00000000	 2.98775452
343.50000000	 2.98550450
344.00000000	 2.98325450
344.50000000	 2.98100448
345.00000000	 2.97877446
345.50000000	 2.97654446
346.00000000	 2.97431445
346.50000000	 2.97209443
347.00000000	 2.96988441
347.50000000	 2.96768440
348.00000000	 2.96548439
348.50000000	 2.96329438
349.00000000	 2.96110437
349.50000000	 2.95892435
350.00000000	 2.95675434
350.50000000	 2.95458433
351.00000000	 2.95242431
351.50000000	 2.95027430
352.00000000	 2.94812429
352.50000000	 2.94598428
353.00000000	 2.94384426
353.50000000	 2.94172425
354.00000000	 2.93959425
354.50000000	 2.93747423
355.00000000	 2.93536421
355.50000000	 2.93326420
356.00000000	 2.93116419
356.50000000	 2.92907418
357.00000000	 2.92698417
357.50000000	 2.92490416
358.00000000	 2.92282415
358.50000000	 2.92075413
359.00000000	 2.91869412
359.50000000	 2.91663411
360.00000000	 2.91458410
360.50000000	 2.91253409
361.00000000	 2.91049407
361.50000000	 2.90846406
362.00000000	 2.90643406
362.50000000	 2.90440405
363.00000000	 2.90238403
363.50000000	 2.90037401
364.00000000	 2.89837401
364.50000000	 2.89636400
365.00000000	 2.89437398
365.50000000	 2.89238397
366.00000000	 2.89040396
366.50000000	 2.88842396
367.00000000	 2.88644395
367.50000000	 2.88447393
368.00000000	 2.88251391
368.50000000	 2.88056391
369.00000000	 2.87860390
369.50000000	 2.87666388
370.00000000	 2.87472388
370.50000000	 2.87278387
371.00000000	 2.87085385
371.50000000	 2.86893384
372.00000000	 2.86701384
372.50000000	 2.86509383
373.00000000	 2.86318381
373.50000000	 2.86128380
374.00000000	 2.85938379
374.50000000	 2.85749378
375.00000000	 2.85560378
375.50000000	 2.85371376
376.00000000	 2.85184375
376.50000000	 2.84996374
377.00000000	 2.84810373
377.50000000	 2.84623373
378.00000000	 2.84437371
378.50000000	 2.84252370
379.00000000	 2.84067369
379.50000000	 2.83883368
380.00000000	 2.83699367
380.50000000	 2.83516366
381.00000000	 2.83333365
381.50000000	 2.83151364
382.00000000	 2.82969363
382.50000000	 2.82788362
383.00000000	 2.82607362
383.50000000	 2.82426361
384.00000000	 2.82246359
384.50000000	 2.82067358
385.00000000	 2.81888357
385.50000000	 2.81710356
386.00000000	 2.81532356
386.50000000	 2.81354355
387.00000000	 2.81177354
387.50000000	 2.81000353
388.00000000	 2.80824351
388.50000000	 2.80649351
389.00000000	 2.80473350
389.50000000	 2.80299349
390.00000000	 2.80124348
390.50000000	 2.79951347
391.00000000	 2.79777347
391.50000000	 2.79604345
392.00000000	 2.79432344
392.50000000	 2.79260344
393.00000000	 2.79088343
393.50000000	 2.78917342
394.00000000	 2.78746341
394.50000000	 2.78576340
395.00000000	 2.78406339
395.50000000	 2.78237338
396.00000000	 2.78068337
396.50000000	 2.77900336
397.00000000	 2.77732336
397.50000000	 2.77564335
398.00000000	 2.77397334
398.50000000	 2.77230333
399.00000000	 2.77064332
399.50000000	 2.76898332
400.00000000	 2.76732332
