# LEM1 RBE scorer

s:Sc/tabulatedAlpha/Quantity                   = "RBE_TabulatedAlphaBeta"
s:Sc/tabulatedAlpha/Component                  = "Patient"
s:Sc/tabulatedAlpha/OutputQuantity             = "alpha"
d:Sc/tabulatedAlpha/PrescribedDose             = Sc/PrescribedDose Gy
sv:Sc/tabulatedAlpha/CellLines                 = Sc/CellLines
s:Sc/tabulatedAlpha/OutputType                 = Sim/DoseScorerOutputType
s:Sc/tabulatedAlpha/OutputFile                 = Sim/ScoreLabel + "_alpha_LEM"
s:Sc/tabulatedAlpha/IfOutputFileAlreadyExists  = "Overwrite"
s:Sc/tabulatedAlpha/ModelName                  = "HCP"

s:Sc/tabulatedBeta/Quantity                   = "RBE_TabulatedAlphaBeta"
s:Sc/tabulatedBeta/Component                  = "Patient"
s:Sc/tabulatedBeta/OutputQuantity             = "beta"
d:Sc/tabulatedBeta/PrescribedDose             = Sc/PrescribedDose Gy
sv:Sc/tabulatedBeta/CellLines                 = Sc/CellLines
s:Sc/tabulatedBeta/OutputType                 = Sim/DoseScorerOutputType
s:Sc/tabulatedBeta/OutputFile                 = Sim/ScoreLabel + "_beta_LEM"
s:Sc/tabulatedBeta/IfOutputFileAlreadyExists  = "Overwrite"
s:Sc/tabulatedBeta/ModelName                  = "HCP"

#s:Sc/RBE/Quantity                   = "RBE_TabulatedAlphaBeta"
#s:Sc/RBE/Component                  = "Patient"
#s:Sc/RBE/OutputQuantity             = "rbe"
#d:Sc/RBE/PrescribedDose             = Sc/PrescribedDose Gy
#sv:Sc/RBE/CellLines                 = Sc/CellLines
#s:Sc/RBE/OutputType                 = Sim/DoseScorerOutputType
#s:Sc/RBE/OutputFile                 = Sim/ScoreLabel + "_RBE_LEM"
#s:Sc/RBE/IfOutputFileAlreadyExists  = "Overwrite"
#s:Sc/RBE/ModelName                  = "HCP"

### HCP Tabulated ###
sv:Sc/CellGeneric_abR2/HCP/ParticleName 		= 6 "Proton" "Helium" "Lithium" "Beryllium" "Boron" "Carbon"
iv:Sc/CellGeneric_abR2/HCP/ParticleZ    		= 6 1 2 3 4 5 6
dv:Sc/CellGeneric_abR2/HCP/KineticEnergyPerNucleon 	= 47 0.1 0.15 0.2 0.3 0.4 0.5 0.7 1 1.2 1.5 2 2.5 3 4 5 6 7 8 10 12 15 20 25 30 40 50 60 70 80 90 100 120 130 135 150 195 200 250 270 300 330 400 500 600 700 800 1000 MeV

dv:Sc/CellGeneric_abR2/HCP/Proton/Alpha 	= 47 2.9718 3.0321 3.0728 3.1316 3.1731 3.2077 3.2393 3.2042 3.121 2.8657 2.3959 2.066 1.8338 1.5282 1.3327 1.1945 1.0902 1.0079 0.88461 0.79522 0.69751 0.58723 0.50721 0.44794 0.36413 0.3063 0.26317 0.23122 0.20791 0.19018 0.17627 0.15581 0.14808 0.14466 0.13584 0.11779 0.1163 0.10471 0.10129 0.097001 0.093488 0.087298 0.081368 0.077319 0.074352 0.072067 0.068719 /Gy
dv:Sc/CellGeneric_abR2/HCP/Helium/Alpha 	= 47 2.6517 2.6209 2.6172 2.6628 2.7301 2.7977 2.8966 2.9725 2.9936 2.9791 2.798 2.5347 2.3115 1.9906 1.7745 1.6179 1.4979 1.4023 1.2577 1.152 1.0357 0.90374 0.80862 0.73802 0.63798 0.56882 0.51713 0.4765 0.44343 0.41575 0.39196 0.35337 0.33741 0.33009 0.31032 0.26524 0.26119 0.22771 0.21707 0.20322 0.19163 0.17166 0.1532 0.1411 0.13254 0.12617 0.1172 /Gy
dv:Sc/CellGeneric_abR2/HCP/Lithium/Alpha 	= 47 2.4593 2.3758 2.3298 2.3088 2.3294 2.3672 2.4511 2.5665 2.6301 2.6957 2.7116 2.5979 2.4411 2.1717 1.972 1.8207 1.7018 1.6053 1.4568 1.3465 1.2237 1.0828 0.98073 0.90453 0.79603 0.72065 0.66414 0.61963 0.58332 0.55289 0.52672 0.48418 0.46655 0.45845 0.43657 0.38648 0.38197 0.34456 0.33261 0.31702 0.30368 0.27886 0.25349 0.23535 0.22172 0.21112 0.19555 /Gy
dv:Sc/CellGeneric_abR2/HCP/Beryllium/Alpha 	= 47 2.1755 2.0197 1.9574 1.9532 1.9994 2.0549 2.1528 2.2654 2.3273 2.4005 2.4691 2.4631 2.386 2.201 2.0413 1.9112 1.8044 1.7152 1.5741 1.4666 1.3445 1.2018 1.0972 1.0184 0.90544 0.82644 0.76699 0.72002 0.68162 0.6494 0.62165 0.57646 0.55771 0.54909 0.52576 0.47224 0.46741 0.42726 0.41441 0.39761 0.3832 0.3563 0.32865 0.30873 0.29366 0.28185 0.26436 /Gy
dv:Sc/CellGeneric_abR2/HCP/Boron/Alpha 		= 47 1.9391 1.7518 1.6732 1.6512 1.6863 1.7333 1.8211 1.9305 1.9947 2.0766 2.175 2.2299 2.2258 2.1332 2.0254 1.9263 1.8393 1.7634 1.6382 1.5391 1.4235 1.2845 1.1807 1.1016 0.98693 0.90608 0.84491 0.79641 0.75666 0.72322 0.6944 0.64736 0.6278 0.6188 0.59444 0.5384 0.53333 0.49115 0.47762 0.45991 0.44469 0.41622 0.38682 0.36554 0.34937 0.33664 0.31766 /Gy
dv:Sc/CellGeneric_abR2/HCP/Carbon/Alpha 	= 47 1.7461 1.5389 1.4497 1.4125 1.4364 1.4737 1.5473 1.6449 1.705 1.785 1.8906 1.9711 2.0151 2.0041 1.9503 1.8869 1.8242 1.7656 1.6626 1.5765 1.4718 1.3413 1.2411 1.1636 1.0496 0.96834 0.90641 0.85708 0.81652 0.78232 0.75278 0.70446 0.68433 0.67507 0.64994 0.59202 0.58678 0.54304 0.52898 0.51055 0.4947 0.46498 0.43419 0.41183 0.39477 0.38129 0.36112 /Gy

dv:Sc/CellGeneric_abR2/HCP/Proton/Beta 		= 47 0.00038053 2.9671e-05 5.7006e-05 0.00016439 0.0001788 8.1661e-05 0.00017233 0.0013199 0.0029488 0.0074839 0.015662 0.021396 0.025424 0.030718 0.034094 0.036474 0.038265 0.039676 0.041783 0.043306 0.044966 0.046834 0.048184 0.049183 0.050592 0.051562 0.052285 0.05282 0.05321 0.053507 0.05374 0.054082 0.054211 0.054269 0.054416 0.054718 0.054743 0.054936 0.054994 0.055065 0.055124 0.055227 0.055326 0.055394 0.055443 0.055481 0.055537 /Gy2
dv:Sc/CellGeneric_abR2/HCP/Helium/Beta 		= 47 0.00030292 2.1916e-05 4.0513e-05 0.00011406 0.00011567 1.8493e-05 -4.9309e-05 0.00022058 0.00057723 0.0016181 0.005593 0.010707 0.015008 0.021151 0.025256 0.028207 0.030449 0.032224 0.034884 0.036808 0.038905 0.041256 0.042929 0.044162 0.045896 0.047087 0.047972 0.048665 0.049228 0.049699 0.050102 0.050755 0.051025 0.051149 0.051482 0.052242 0.05231 0.052873 0.053051 0.053284 0.053478 0.053813 0.054123 0.054325 0.054469 0.054575 0.054725 /Gy2
dv:Sc/CellGeneric_abR2/HCP/Lithium/Beta 	= 47 0.00026055 1.7964e-05 3.1976e-05 8.5097e-05 8.1965e-05 7.2841e-06 -6.1809e-05 3.5166e-05 0.00015345 0.00051395 0.0020187 0.0052312 0.0089437 0.015031 0.019427 0.022696 0.025226 0.02725 0.030308 0.032533 0.034961 0.037683 0.039604 0.041016 0.042995 0.044349 0.045353 0.046138 0.046775 0.047306 0.047761 0.048498 0.048802 0.048941 0.049317 0.050175 0.050252 0.050889 0.051092 0.051357 0.051583 0.052003 0.052431 0.052737 0.052967 0.053145 0.053407 /Gy2
dv:Sc/CellGeneric_abR2/HCP/Beryllium/Beta 	= 47 0.00020389 1.2956e-05 2.2506e-05 6.0656e-05 5.9727e-05 4.0152e-06 -5.3261e-05 6.6391e-07 5.7807e-05 0.00022712 0.00092829 0.0025761 0.0052711 0.010612 0.014921 0.018297 0.020987 0.023179 0.026546 0.029026 0.031751 0.034816 0.03697 0.03855 0.040757 0.042261 0.043373 0.04424 0.044942 0.045526 0.046026 0.046834 0.047166 0.047319 0.047731 0.048669 0.048753 0.04945 0.049672 0.049962 0.05021 0.050671 0.051144 0.051484 0.05174 0.05194 0.052237 /Gy2
dv:Sc/CellGeneric_abR2/HCP/Boron/Beta 		= 47 0.00016197 9.7368e-06 1.6423e-05 4.3258e-05 4.2208e-05 2.1754e-06 -4.0827e-05 -1.1801e-05 1.538e-05 9.7247e-05 0.00044774 0.0012787 0.0029941 0.0073206 0.011284 0.014587 0.017321 0.019605 0.023191 0.025882 0.028874 0.032267 0.034649 0.036396 0.038833 0.040488 0.041707 0.042655 0.04342 0.044056 0.044599 0.045474 0.045835 0.046 0.046444 0.047456 0.047547 0.048297 0.048537 0.048849 0.049116 0.049613 0.050124 0.050492 0.05077 0.050989 0.051314 /Gy2
dv:Sc/CellGeneric_abR2/HCP/Carbon/Beta 		= 47 0.00013133 7.5091e-06 1.2318e-05 3.1613e-05 3.0505e-05 1.2878e-06 -3.0592e-05 -1.3569e-05 2.4024e-07 4.2428e-05 0.00022925 0.00067252 0.0016786 0.0049503 0.0083909 0.011468 0.014129 0.016418 0.020118 0.022964 0.026181 0.029878 0.032484 0.0344 0.037071 0.038881 0.040211 0.041241 0.042072 0.04276 0.043347 0.044291 0.044679 0.044856 0.045334 0.046417 0.046515 0.047317 0.047572 0.047906 0.048191 0.048721 0.049267 0.04966 0.049958 0.050193 0.050542 /Gy2