# libamtrack RBE scorer

s:Sc/tabulatedAlpha/Quantity                   = "RBE_TabulatedAlphaBeta"
s:Sc/tabulatedAlpha/Component                  = "Patient"
s:Sc/tabulatedAlpha/OutputQuantity             = "alpha"
d:Sc/tabulatedAlpha/PrescribedDose             = Sc/PrescribedDose Gy
sv:Sc/tabulatedAlpha/CellLines                 = Sc/CellLines
s:Sc/tabulatedAlpha/OutputType                 = Sim/DoseScorerOutputType
s:Sc/tabulatedAlpha/OutputFile                 = Sim/ScoreLabel + "_alpha_libamtrack"
s:Sc/tabulatedAlpha/IfOutputFileAlreadyExists  = "Overwrite"
s:Sc/tabulatedAlpha/ModelName                  = "HCP"

s:Sc/tabulatedBeta/Quantity                   = "RBE_TabulatedAlphaBeta"
s:Sc/tabulatedBeta/Component                  = "Patient"
s:Sc/tabulatedBeta/OutputQuantity             = "beta"
d:Sc/tabulatedBeta/PrescribedDose             = Sc/PrescribedDose Gy
sv:Sc/tabulatedBeta/CellLines                 = Sc/CellLines
s:Sc/tabulatedBeta/OutputType                 = Sim/DoseScorerOutputType
s:Sc/tabulatedBeta/OutputFile                 = Sim/ScoreLabel + "_beta_libamtrack"
s:Sc/tabulatedBeta/IfOutputFileAlreadyExists  = "Overwrite"
s:Sc/tabulatedBeta/ModelName                  = "HCP"

#s:Sc/RBE/Quantity                   = "RBE_TabulatedAlphaBeta"
#s:Sc/RBE/Component                  = "Patient"
#s:Sc/RBE/OutputQuantity             = "rbe"
#d:Sc/RBE/PrescribedDose             = Sc/PrescribedDose Gy
#sv:Sc/RBE/CellLines                 = Sc/CellLines
#s:Sc/RBE/OutputType                 = Sim/DoseScorerOutputType
#s:Sc/RBE/OutputFile                 = Sim/ScoreLabel + "_RBE_libamtrack"
#s:Sc/RBE/IfOutputFileAlreadyExists  = "Overwrite"
#s:Sc/RBE/ModelName                  = "HCP"

### HCP Tabulated ###
sv:Sc/CellGeneric_abR2/HCP/ParticleName 		= 8 "Proton" "Helium" "Lithium" "Beryllium" "Boron" "Carbon" "Nitrogen" "Oxygen"
iv:Sc/CellGeneric_abR2/HCP/ParticleZ    		= 8 1 2 3 4 5 6 7 8
dv:Sc/CellGeneric_abR2/HCP/KineticEnergyPerNucleon 	= 351 0.001000 0.001047 0.001096 0.001148 0.001202 0.001259 0.001318 0.001380 0.001445 0.001514 0.001585 0.001660 0.001738 0.001820 0.001905 0.001995 0.002089 0.002188 0.002291 0.002399 0.002512 0.002630 0.002754 0.002884 0.003020 0.003162 0.003311 0.003467 0.003631 0.003802 0.003981 0.004169 0.004365 0.004571 0.004786 0.005012 0.005248 0.005495 0.005754 0.006026 0.006310 0.006607 0.006918 0.007244 0.007586 0.007943 0.008318 0.008710 0.009120 0.009550 0.010000 0.010471 0.010965 0.011482 0.012023 0.012589 0.013183 0.013804 0.014454 0.015136 0.015849 0.016596 0.017378 0.018197 0.019055 0.019953 0.020893 0.021878 0.022909 0.023988 0.025119 0.026303 0.027542 0.028840 0.030200 0.031623 0.033113 0.034674 0.036308 0.038019 0.039811 0.041687 0.043652 0.045709 0.047863 0.050119 0.052481 0.054954 0.057544 0.060256 0.063096 0.066069 0.069183 0.072444 0.075858 0.079433 0.083176 0.087096 0.091201 0.095499 0.100000 0.104713 0.109648 0.114815 0.120226 0.125893 0.131826 0.138038 0.144544 0.151356 0.158489 0.165959 0.173780 0.181970 0.190546 0.199526 0.208930 0.218776 0.229087 0.239883 0.251189 0.263027 0.275423 0.288403 0.301995 0.316228 0.331131 0.346737 0.363078 0.380189 0.398107 0.416869 0.436516 0.457088 0.478630 0.501187 0.524807 0.549541 0.575440 0.602560 0.630957 0.660693 0.691831 0.724436 0.758578 0.794328 0.831764 0.870964 0.912011 0.954993 1.000000 1.047129 1.096478 1.148154 1.202264 1.258925 1.318257 1.380384 1.445440 1.513561 1.584893 1.659587 1.737801 1.819701 1.905461 1.995262 2.089296 2.187762 2.290868 2.398833 2.511886 2.630268 2.754229 2.884032 3.019952 3.162278 3.311311 3.467369 3.630781 3.801894 3.981072 4.168694 4.365158 4.570882 4.786301 5.011872 5.248075 5.495409 5.754399 6.025596 6.309573 6.606934 6.918310 7.244360 7.585776 7.943282 8.317638 8.709636 9.120108 9.549926 10.000000 10.471285 10.964782 11.481536 12.022644 12.589254 13.182567 13.803843 14.454398 15.135612 15.848932 16.595869 17.378008 18.197009 19.054607 19.952623 20.892961 21.877616 22.908677 23.988329 25.118864 26.302680 27.542287 28.840315 30.199517 31.622777 33.113112 34.673685 36.307805 38.018940 39.810717 41.686938 43.651583 45.708819 47.863009 50.118723 52.480746 54.954087 57.543994 60.255959 63.095734 66.069345 69.183097 72.443596 75.857758 79.432823 83.176377 87.096359 91.201084 95.499259 100.000000 104.712855 109.647820 114.815362 120.226443 125.892541 131.825674 138.038426 144.543977 151.356125 158.489319 165.958691 173.780083 181.970086 190.546072 199.526231 208.929613 218.776162 229.086765 239.883292 251.188643 263.026799 275.422870 288.403150 301.995172 316.227766 331.131121 346.736850 363.078055 380.189396 398.107171 416.869383 436.515832 457.088190 478.630092 501.187234 524.807460 549.540874 575.439937 602.559586 630.957344 660.693448 691.830971 724.435960 758.577575 794.328235 831.763771 870.963590 912.010839 954.992586 1000.000000 1047.128548 1096.478196 1148.153621 1202.264435 1258.925412 1318.256739 1380.384265 1445.439771 1513.561248 1584.893192 1659.586907 1737.800829 1819.700859 1905.460718 1995.262315 2089.296131 2187.761624 2290.867653 2398.832919 2511.886432 2630.267992 2754.228703 2884.031503 3019.951720 3162.277660 3311.311215 3467.368505 3630.780548 3801.893963 3981.071706 4168.693835 4365.158322 4570.881896 4786.300923 5011.872336 5248.074602 5495.408739 5754.399373 6025.595861 6309.573445 6606.934480 6918.309709 7244.359601 7585.775750 7943.282347 8317.637711 8709.635900 9120.108394 9549.925860 10000.000000 MeV

dv:Sc/CellGeneric_abR2/HCP/Proton/Alpha = 351 2.100000 2.100000 2.100000 2.100000 2.100000 2.100000 2.100000 2.100000 2.100000 2.100000 2.100000 2.100000 2.100000 2.100000 2.100000 2.100000 2.100000 2.100000 2.100000 2.100000 2.100000 2.100000 2.100000 2.100000 2.100000 2.100000 2.100000 2.100000 2.100000 2.100000 2.100000 2.100000 2.100000 2.100000 2.100000 2.100000 2.100000 2.100000 2.100000 2.100000 2.100000 2.100000 2.099999 2.099999 2.099999 2.099999 2.099999 2.099999 2.099999 2.099999 2.099999 2.099998 2.099998 2.099998 2.099998 2.099997 2.099997 2.099997 2.099996 2.099996 2.099995 2.099995 2.099994 2.099993 2.099992 2.099991 2.099990 2.099989 2.099988 2.099986 2.099984 2.099982 2.099980 2.099977 2.099975 2.099971 2.099967 2.099963 2.099958 2.099953 2.099947 2.099940 2.099932 2.099922 2.099912 2.099900 2.099886 2.099871 2.099853 2.099832 2.099809 2.099782 2.099750 2.099714 2.099673 2.099625 2.099569 2.099505 2.099430 2.099343 2.099242 2.099124 2.098987 2.098826 2.098637 2.098416 2.098157 2.097853 2.097496 2.097078 2.096590 2.096018 2.095349 2.094565 2.093646 2.092568 2.091300 2.089813 2.088069 2.086021 2.083379 2.080497 2.077112 2.073126 2.068430 2.062886 2.056351 2.048656 2.039573 2.028814 2.016102 2.001115 1.983373 1.962328 1.937442 1.908037 1.873176 1.831949 1.783016 1.727821 1.668947 1.608303 1.547049 1.486481 1.427177 1.369568 1.313610 1.260053 1.208692 1.159434 1.105285 1.060006 1.016858 0.975652 0.936329 0.898759 0.863068 0.828865 0.796180 0.764948 0.735118 0.706663 0.679389 0.653384 0.628436 0.604462 0.581466 0.559347 0.538175 0.517666 0.497675 0.478067 0.459536 0.441596 0.424354 0.407469 0.391028 0.375148 0.359861 0.345049 0.330644 0.316589 0.303180 0.290734 0.279039 0.268105 0.257899 0.248380 0.239440 0.231107 0.223264 0.215933 0.209046 0.202591 0.196579 0.190886 0.185586 0.180601 0.175934 0.171560 0.167444 0.163594 0.159949 0.156529 0.153296 0.150266 0.147418 0.144743 0.142249 0.139900 0.137705 0.135625 0.133672 0.131825 0.130073 0.128420 0.126849 0.125374 0.123982 0.122676 0.121451 0.120300 0.119227 0.118213 0.116715 0.115838 0.115005 0.114214 0.113459 0.112747 0.112070 0.111435 0.110837 0.110277 0.109752 0.109258 0.108798 0.108362 0.107949 0.107557 0.107182 0.106824 0.106482 0.106159 0.105850 0.105558 0.105284 0.105027 0.104787 0.104558 0.104346 0.104147 0.103962 0.103784 0.103614 0.103452 0.103294 0.103145 0.103012 0.102877 0.102748 0.102626 0.102511 0.102402 0.102302 0.102207 0.102115 0.102028 0.101949 0.101876 0.101804 0.101737 0.101673 0.101610 0.101550 0.101489 0.101435 0.101384 0.101334 0.101286 0.101241 0.101199 0.101160 0.101127 0.101094 0.101058 0.101028 0.100999 0.100971 0.100946 0.100918 0.100896 0.100875 0.100856 0.100838 0.100821 0.100802 0.100758 0.100737 0.100722 0.100708 0.100701 0.100681 0.100669 0.100659 0.100648 0.100631 0.100617 0.100612 0.100606 0.100591 0.100586 0.100578 0.100566 0.100558 0.100558 0.100548 0.100541 0.100540 0.100529 0.100524 0.100522 0.100513 0.100508 0.100505 0.100497 0.100494 0.100495 0.100488 0.100485 0.100479 0.100473 0.100468 0.100470 0.100470 0.100467 0.100460 0.100456 0.100460 0.100455 0.100453 0.100448 0.100443 0.100447 0.100442 0.100439 0.100437 0.100431 0.100431 0.100431 0.100429 /Gy
dv:Sc/CellGeneric_abR2/HCP/Helium/Alpha = 351 2.100000 2.100000 2.100000 2.100000 2.100000 2.100000 2.100000 2.100000 2.100000 2.100000 2.100000 2.100000 2.100000 2.100000 2.100000 2.100000 2.100000 2.100000 2.100000 2.100000 2.100000 2.100000 2.100000 2.100000 2.100000 2.100000 2.100000 2.100000 2.100000 2.100000 2.100000 2.100000 2.100000 2.100000 2.100000 2.100000 2.100000 2.100000 2.100000 2.100000 2.100000 2.100000 2.100000 2.100000 2.100000 2.100000 2.100000 2.099999 2.099999 2.099999 2.099999 2.099999 2.099999 2.099999 2.099999 2.099998 2.099998 2.099998 2.099998 2.099998 2.099997 2.099997 2.099997 2.099996 2.099996 2.099995 2.099995 2.099994 2.099993 2.099992 2.099991 2.099990 2.099989 2.099988 2.099986 2.099985 2.099983 2.099981 2.099978 2.099976 2.099973 2.099969 2.099966 2.099961 2.099956 2.099951 2.099945 2.099938 2.099930 2.099921 2.099912 2.099900 2.099888 2.099873 2.099857 2.099839 2.099818 2.099794 2.099767 2.099736 2.099701 2.099661 2.099616 2.099564 2.099504 2.099436 2.099358 2.099268 2.099165 2.099046 2.098909 2.098751 2.098569 2.098358 2.098113 2.097829 2.097499 2.097114 2.096666 2.096143 2.095469 2.094742 2.093889 2.092884 2.091701 2.090302 2.088659 2.086724 2.084442 2.081739 2.078548 2.074783 2.070327 2.065042 2.058795 2.051407 2.042639 2.032238 2.019928 2.005378 1.988143 1.967699 1.943406 1.914691 1.880708 1.840708 1.795709 1.747785 1.698216 1.648008 1.594079 1.543880 1.494619 1.446443 1.399559 1.354048 1.310208 1.267772 1.226830 1.187374 1.149391 1.112824 1.077512 1.043593 1.010940 0.979521 0.949343 0.920233 0.892287 0.865230 0.838921 0.813263 0.788969 0.765547 0.743136 0.721357 0.700300 0.680051 0.660620 0.641898 0.623806 0.606257 0.589313 0.573021 0.557108 0.541624 0.526581 0.511962 0.497683 0.483806 0.470201 0.456929 0.443930 0.431230 0.418900 0.406749 0.394953 0.383384 0.372065 0.360977 0.350087 0.339455 0.328956 0.318666 0.308514 0.298586 0.288849 0.279305 0.270013 0.260873 0.251994 0.243398 0.235322 0.227764 0.220659 0.213988 0.207661 0.201733 0.196138 0.190889 0.185967 0.181345 0.177031 0.172954 0.166920 0.163392 0.160047 0.156871 0.153844 0.150991 0.148282 0.145739 0.143348 0.141108 0.139012 0.137039 0.135198 0.133452 0.131801 0.130235 0.128740 0.127310 0.125939 0.124647 0.123411 0.122244 0.121147 0.120120 0.119158 0.118244 0.117395 0.116598 0.115854 0.115144 0.114465 0.113815 0.113185 0.112588 0.112022 0.111484 0.110966 0.110472 0.110012 0.109581 0.109181 0.108798 0.108434 0.108095 0.107780 0.107488 0.107210 0.106944 0.106685 0.106435 0.106194 0.105964 0.105751 0.105547 0.105352 0.105164 0.104984 0.104813 0.104652 0.104503 0.104366 0.104238 0.104114 0.103993 0.103878 0.103771 0.103672 0.103580 0.103495 0.103416 0.103341 0.103270 0.103201 0.103033 0.102973 0.102911 0.102854 0.102798 0.102738 0.102687 0.102644 0.102595 0.102553 0.102508 0.102471 0.102433 0.102395 0.102364 0.102326 0.102297 0.102267 0.102240 0.102217 0.102187 0.102162 0.102137 0.102121 0.102095 0.102079 0.102054 0.102035 0.102017 0.102004 0.101984 0.101973 0.101950 0.101936 0.101923 0.101908 0.101901 0.101892 0.101872 0.101859 0.101853 0.101842 0.101835 0.101819 0.101809 0.101802 0.101792 0.101787 0.101773 0.101765 0.101758 0.101750 0.101745 0.101733 /Gy
dv:Sc/CellGeneric_abR2/HCP/Lithium/Alpha = 351 2.100000 2.100000 2.100000 2.100000 2.100000 2.100000 2.100000 2.100000 2.100000 2.100000 2.100000 2.100000 2.100000 2.100000 2.100000 2.100000 2.100000 2.100000 2.100000 2.100000 2.100000 2.100000 2.100000 2.100000 2.100000 2.100000 2.100000 2.100000 2.100000 2.100000 2.100000 2.100000 2.100000 2.100000 2.100000 2.100000 2.100000 2.100000 2.100000 2.100000 2.100000 2.100000 2.100000 2.100000 2.100000 2.100000 2.100000 2.100000 2.100000 2.100000 2.100000 2.100000 2.100000 2.099999 2.099999 2.099999 2.099999 2.099999 2.099999 2.099999 2.099999 2.099999 2.099998 2.099998 2.099998 2.099998 2.099997 2.099997 2.099997 2.099996 2.099996 2.099995 2.099995 2.099994 2.099993 2.099992 2.099992 2.099990 2.099989 2.099988 2.099986 2.099985 2.099983 2.099980 2.099978 2.099975 2.099972 2.099968 2.099964 2.099959 2.099954 2.099948 2.099941 2.099933 2.099924 2.099914 2.099902 2.099889 2.099873 2.099855 2.099835 2.099812 2.099785 2.099754 2.099718 2.099677 2.099630 2.099575 2.099512 2.099439 2.099355 2.099257 2.099145 2.099014 2.098863 2.098688 2.098486 2.098250 2.097977 2.097660 2.097253 2.096819 2.096314 2.095727 2.095043 2.094247 2.093318 2.092236 2.090970 2.089493 2.087770 2.085758 2.083407 2.080647 2.077423 2.073653 2.069233 2.064041 2.057947 2.050817 2.042427 2.032558 2.020967 2.007337 1.991298 1.972412 1.950115 1.923845 1.892912 1.856987 1.815316 1.772836 1.729010 1.684374 1.639418 1.594748 1.550729 1.507403 1.464929 1.423504 1.383237 1.344087 1.306046 1.269062 1.233299 1.198686 1.165186 1.132668 1.101338 1.070980 1.041664 1.013177 0.985628 0.958973 0.933115 0.908071 0.883788 0.860352 0.837646 0.815660 0.794391 0.773763 0.753808 0.734401 0.715644 0.697443 0.679798 0.662714 0.646127 0.630099 0.614491 0.599373 0.584686 0.570419 0.556583 0.543100 0.530048 0.517311 0.504941 0.492875 0.481076 0.469523 0.458143 0.447024 0.436064 0.425334 0.414814 0.404501 0.394431 0.384545 0.374969 0.365523 0.356247 0.347087 0.338053 0.329176 0.320357 0.311706 0.303164 0.294786 0.286568 0.278470 0.270552 0.262764 0.250842 0.243386 0.236039 0.228879 0.221957 0.215427 0.209245 0.203465 0.197992 0.192826 0.187980 0.183412 0.179163 0.175169 0.171452 0.167945 0.164611 0.161453 0.158439 0.155569 0.152810 0.150196 0.147714 0.145349 0.143123 0.141032 0.139091 0.137245 0.135507 0.133880 0.132360 0.130938 0.129582 0.128306 0.127073 0.125886 0.124759 0.123678 0.122645 0.121640 0.120691 0.119800 0.118971 0.118202 0.117471 0.116779 0.116129 0.115526 0.114961 0.114433 0.113926 0.113433 0.112959 0.112498 0.112058 0.111645 0.111260 0.110892 0.110536 0.110195 0.109868 0.109557 0.109262 0.108986 0.108734 0.108501 0.108282 0.108068 0.107860 0.107662 0.107475 0.107303 0.107142 0.106781 0.106650 0.106527 0.106407 0.106287 0.106171 0.106057 0.105948 0.105843 0.105743 0.105646 0.105555 0.105468 0.105385 0.105308 0.105235 0.105167 0.105102 0.105040 0.104981 0.104925 0.104871 0.104820 0.104771 0.104724 0.104679 0.104636 0.104595 0.104556 0.104519 0.104483 0.104449 0.104416 0.104384 0.104354 0.104325 0.104297 0.104270 0.104244 0.104219 0.104194 0.104170 0.104147 0.104125 0.104103 0.104082 0.104061 0.104041 0.104022 0.104003 0.103984 0.103966 0.103948 0.103930 /Gy
dv:Sc/CellGeneric_abR2/HCP/Beryllium/Alpha = 351 2.100000 2.100000 2.100000 2.100000 2.100000 2.100000 2.100000 2.100000 2.100000 2.100000 2.100000 2.100000 2.100000 2.100000 2.100000 2.100000 2.100000 2.100000 2.100000 2.100000 2.100000 2.100000 2.100000 2.100000 2.100000 2.100000 2.100000 2.100000 2.100000 2.100000 2.100000 2.100000 2.100000 2.100000 2.100000 2.100000 2.100000 2.100000 2.100000 2.100000 2.100000 2.100000 2.100000 2.100000 2.100000 2.100000 2.100000 2.100000 2.100000 2.100000 2.100000 2.100000 2.100000 2.100000 2.100000 2.099999 2.099999 2.099999 2.099999 2.099999 2.099999 2.099999 2.099999 2.099999 2.099998 2.099998 2.099998 2.099998 2.099997 2.099997 2.099997 2.099996 2.099996 2.099995 2.099995 2.099994 2.099993 2.099992 2.099991 2.099990 2.099989 2.099988 2.099986 2.099985 2.099983 2.099981 2.099978 2.099975 2.099972 2.099969 2.099965 2.099960 2.099955 2.099949 2.099943 2.099935 2.099927 2.099917 2.099906 2.099893 2.099879 2.099862 2.099843 2.099822 2.099797 2.099768 2.099735 2.099697 2.099653 2.099603 2.099545 2.099479 2.099402 2.099314 2.099211 2.099093 2.098957 2.098799 2.098617 2.098406 2.098135 2.097848 2.097515 2.097130 2.096682 2.096163 2.095560 2.094859 2.094045 2.093097 2.091995 2.090708 2.089211 2.087470 2.085439 2.083062 2.080293 2.077061 2.073284 2.068869 2.063693 2.057631 2.050557 2.042245 2.032496 2.021062 2.007652 1.991902 1.973389 1.951590 1.924760 1.894495 1.859939 1.822224 1.782582 1.741736 1.700284 1.658559 1.617036 1.575993 1.535578 1.495965 1.456989 1.419073 1.382162 1.346225 1.311218 1.277211 1.244310 1.212321 1.181288 1.151141 1.121931 1.093575 1.066001 1.039271 1.013303 0.988137 0.963668 0.939917 0.916862 0.894422 0.872640 0.851417 0.830848 0.810846 0.791413 0.772567 0.754239 0.736489 0.719180 0.702380 0.686030 0.670122 0.654673 0.639607 0.625007 0.610760 0.596930 0.583466 0.570346 0.557565 0.545069 0.532970 0.521174 0.509743 0.498638 0.487836 0.477333 0.467039 0.457055 0.447189 0.437464 0.427853 0.418325 0.408929 0.399600 0.390477 0.381525 0.372799 0.364278 0.355917 0.347770 0.339763 0.327983 0.320182 0.312449 0.304786 0.297182 0.289726 0.282342 0.275128 0.268020 0.261049 0.254248 0.247590 0.241115 0.234730 0.228461 0.222265 0.216136 0.210158 0.204431 0.199096 0.194065 0.189353 0.184928 0.180776 0.176897 0.173234 0.169828 0.166608 0.163574 0.160681 0.157933 0.155326 0.152818 0.150448 0.148188 0.146037 0.143986 0.142014 0.140158 0.138411 0.136793 0.135255 0.133795 0.132438 0.131174 0.130000 0.128885 0.127818 0.126788 0.125796 0.124834 0.123912 0.123051 0.122231 0.121450 0.120700 0.119986 0.119307 0.118664 0.118066 0.117510 0.116993 0.116496 0.116015 0.115558 0.115130 0.114734 0.114363 0.114019 0.113697 0.113396 0.113112 0.112836 0.112164 0.111907 0.111659 0.111420 0.111185 0.110963 0.110755 0.110562 0.110378 0.110203 0.110035 0.109874 0.109722 0.109577 0.109440 0.109310 0.109186 0.109067 0.108954 0.108846 0.108743 0.108645 0.108551 0.108461 0.108376 0.108293 0.108214 0.108138 0.108066 0.107996 0.107929 0.107865 0.107803 0.107744 0.107688 0.107633 0.107582 0.107532 0.107484 0.107438 0.107394 0.107351 0.107310 0.107270 0.107231 0.107194 0.107158 0.107122 0.107088 0.107054 0.107021 0.106989 0.106958 0.106927 /Gy
dv:Sc/CellGeneric_abR2/HCP/Boron/Alpha = 351 2.100000 2.100000 2.100000 2.100000 2.100000 2.100000 2.100000 2.100000 2.100000 2.100000 2.100000 2.100000 2.100000 2.100000 2.100000 2.100000 2.100000 2.100000 2.100000 2.100000 2.100000 2.100000 2.100000 2.100000 2.100000 2.100000 2.100000 2.100000 2.100000 2.100000 2.100000 2.100000 2.100000 2.100000 2.100000 2.100000 2.100000 2.100000 2.100000 2.100000 2.100000 2.100000 2.100000 2.100000 2.100000 2.100000 2.100000 2.100000 2.100000 2.100000 2.100000 2.100000 2.100000 2.100000 2.100000 2.100000 2.099999 2.099999 2.099999 2.099999 2.099999 2.099999 2.099999 2.099999 2.099999 2.099998 2.099998 2.099998 2.099998 2.099997 2.099997 2.099997 2.099996 2.099996 2.099995 2.099995 2.099994 2.099993 2.099993 2.099992 2.099991 2.099990 2.099988 2.099987 2.099985 2.099984 2.099982 2.099979 2.099977 2.099974 2.099971 2.099967 2.099963 2.099958 2.099953 2.099947 2.099940 2.099932 2.099924 2.099914 2.099902 2.099889 2.099874 2.099858 2.099838 2.099816 2.099791 2.099762 2.099728 2.099690 2.099646 2.099595 2.099537 2.099470 2.099393 2.099305 2.099202 2.099084 2.098948 2.098791 2.098590 2.098377 2.098131 2.097847 2.097518 2.097137 2.096696 2.096185 2.095593 2.094905 2.094108 2.093182 2.092107 2.090854 2.089398 2.087710 2.085741 2.083451 2.080774 2.077659 2.074032 2.069797 2.064836 2.059050 2.052295 2.044393 2.035152 2.024289 2.011585 1.996721 1.978457 1.957799 1.933588 1.905201 1.872825 1.837592 1.800259 1.761792 1.722635 1.683225 1.643800 1.604707 1.566185 1.528290 1.491025 1.454573 1.419094 1.384439 1.350628 1.317746 1.285824 1.254734 1.224483 1.195091 1.166509 1.138746 1.111728 1.085462 1.059945 1.035133 1.011007 0.987478 0.964628 0.942326 0.920646 0.899493 0.878898 0.858861 0.839324 0.820352 0.801839 0.783851 0.766326 0.749255 0.732660 0.716458 0.700733 0.685368 0.670434 0.655871 0.641654 0.627781 0.614201 0.601023 0.588160 0.575680 0.563549 0.551742 0.540266 0.529039 0.518177 0.507500 0.497059 0.486852 0.476874 0.467174 0.457672 0.448458 0.439456 0.430673 0.422050 0.413505 0.405050 0.396607 0.384459 0.376159 0.368019 0.360068 0.352294 0.344759 0.337376 0.330203 0.323132 0.316132 0.309218 0.302301 0.295428 0.288583 0.281867 0.275232 0.268694 0.262315 0.256048 0.249963 0.243989 0.238198 0.232541 0.226972 0.221484 0.216021 0.210594 0.205187 0.199989 0.195078 0.190463 0.186179 0.182181 0.178476 0.174989 0.171699 0.168634 0.165737 0.163011 0.160414 0.157945 0.155573 0.153299 0.151116 0.149039 0.147093 0.145231 0.143444 0.141719 0.140084 0.138545 0.137104 0.135777 0.134528 0.133339 0.132204 0.131148 0.130164 0.129235 0.128365 0.127540 0.126751 0.125989 0.125259 0.124563 0.123890 0.123246 0.122635 0.122064 0.121523 0.121003 0.120508 0.120034 0.118919 0.118505 0.118112 0.117732 0.117361 0.117012 0.116685 0.116385 0.116106 0.115845 0.115596 0.115356 0.115123 0.114896 0.114679 0.114472 0.114276 0.114091 0.113916 0.113752 0.113596 0.113450 0.113310 0.113177 0.113051 0.112930 0.112816 0.112707 0.112603 0.112503 0.112408 0.112317 0.112231 0.112148 0.112068 0.111992 0.111919 0.111848 0.111779 0.111713 0.111649 0.111586 0.111526 0.111467 0.111411 0.111355 0.111301 0.111248 0.111196 0.111145 0.111096 0.111047 0.110999 0.110952 /Gy
dv:Sc/CellGeneric_abR2/HCP/Carbon/Alpha = 351 2.100000 2.100000 2.100000 2.100000 2.100000 2.100000 2.100000 2.100000 2.100000 2.100000 2.100000 2.100000 2.100000 2.100000 2.100000 2.100000 2.100000 2.100000 2.100000 2.100000 2.100000 2.100000 2.100000 2.100000 2.100000 2.100000 2.100000 2.100000 2.100000 2.100000 2.100000 2.100000 2.100000 2.100000 2.100000 2.100000 2.100000 2.100000 2.100000 2.100000 2.100000 2.100000 2.100000 2.100000 2.100000 2.100000 2.100000 2.100000 2.100000 2.100000 2.100000 2.100000 2.100000 2.100000 2.100000 2.100000 2.100000 2.099999 2.099999 2.099999 2.099999 2.099999 2.099999 2.099999 2.099999 2.099999 2.099998 2.099998 2.099998 2.099998 2.099997 2.099997 2.099997 2.099996 2.099996 2.099995 2.099995 2.099994 2.099993 2.099993 2.099992 2.099991 2.099990 2.099988 2.099987 2.099985 2.099984 2.099982 2.099980 2.099977 2.099974 2.099971 2.099968 2.099964 2.099959 2.099954 2.099948 2.099942 2.099934 2.099926 2.099917 2.099906 2.099894 2.099880 2.099864 2.099845 2.099825 2.099801 2.099774 2.099743 2.099707 2.099666 2.099619 2.099566 2.099504 2.099433 2.099351 2.099257 2.099148 2.099023 2.098863 2.098695 2.098500 2.098276 2.098017 2.097718 2.097372 2.096972 2.096509 2.095973 2.095352 2.094634 2.093801 2.092835 2.091715 2.090410 2.088899 2.087145 2.085107 2.082727 2.079965 2.076752 2.073009 2.068648 2.063553 2.057605 2.050685 2.042586 2.033137 2.022045 2.008479 1.993262 1.975429 1.954487 1.929928 1.901383 1.869398 1.834978 1.798952 1.761948 1.724402 1.686718 1.648930 1.611574 1.574747 1.538486 1.502819 1.467879 1.433874 1.400604 1.368101 1.336449 1.305643 1.275637 1.246373 1.217924 1.190214 1.163278 1.137052 1.111485 1.086628 1.062397 1.038827 1.015788 0.993389 0.971534 0.950222 0.929443 0.909158 0.889417 0.870105 0.851280 0.832903 0.814971 0.797506 0.780433 0.763844 0.747626 0.731846 0.716447 0.701410 0.686729 0.672347 0.658375 0.644721 0.631454 0.618536 0.605941 0.593677 0.581657 0.570012 0.558553 0.547333 0.536354 0.525613 0.515167 0.504935 0.495018 0.485348 0.475952 0.466795 0.457824 0.449083 0.440512 0.428798 0.420620 0.412601 0.404718 0.396902 0.389169 0.381431 0.373783 0.366199 0.358730 0.351412 0.344228 0.337250 0.330432 0.323829 0.317375 0.311022 0.304748 0.298485 0.292239 0.285979 0.279811 0.273718 0.267691 0.261793 0.256012 0.250402 0.244865 0.239451 0.234190 0.229093 0.224162 0.219294 0.214532 0.209760 0.204988 0.200334 0.195795 0.191442 0.187267 0.183394 0.179780 0.176402 0.173254 0.170292 0.167522 0.164929 0.162510 0.160224 0.158067 0.156007 0.154009 0.152104 0.150265 0.148514 0.146857 0.145298 0.143806 0.142359 0.140980 0.139661 0.138413 0.137228 0.136117 0.135091 0.134140 0.133253 0.132396 0.131571 0.130784 0.130046 0.129364 0.128724 0.127257 0.126716 0.126205 0.125715 0.125228 0.124756 0.124300 0.123868 0.123455 0.123060 0.122681 0.122319 0.121976 0.121649 0.121342 0.121051 0.120776 0.120514 0.120265 0.120028 0.119799 0.119581 0.119373 0.119172 0.118980 0.118796 0.118622 0.118455 0.118297 0.118145 0.118000 0.117861 0.117728 0.117600 0.117477 0.117359 0.117246 0.117137 0.117031 0.116930 0.116831 0.116735 0.116643 0.116553 0.116466 0.116382 0.116299 0.116219 0.116141 0.116064 0.115989 0.115916 0.115844 0.115774 /Gy
dv:Sc/CellGeneric_abR2/HCP/Nitrogen/Alpha = 351 2.100000 2.100000 2.100000 2.100000 2.100000 2.100000 2.100000 2.100000 2.100000 2.100000 2.100000 2.100000 2.100000 2.100000 2.100000 2.100000 2.100000 2.100000 2.100000 2.100000 2.100000 2.100000 2.100000 2.100000 2.100000 2.100000 2.100000 2.100000 2.100000 2.100000 2.100000 2.100000 2.100000 2.100000 2.100000 2.100000 2.100000 2.100000 2.100000 2.100000 2.100000 2.100000 2.100000 2.100000 2.100000 2.100000 2.100000 2.100000 2.100000 2.100000 2.100000 2.100000 2.100000 2.100000 2.100000 2.100000 2.100000 2.100000 2.099999 2.099999 2.099999 2.099999 2.099999 2.099999 2.099999 2.099999 2.099998 2.099998 2.099998 2.099998 2.099998 2.099997 2.099997 2.099997 2.099996 2.099996 2.099995 2.099995 2.099994 2.099993 2.099992 2.099992 2.099991 2.099989 2.099988 2.099987 2.099985 2.099983 2.099981 2.099979 2.099977 2.099974 2.099971 2.099967 2.099963 2.099959 2.099954 2.099948 2.099942 2.099934 2.099926 2.099917 2.099906 2.099894 2.099880 2.099865 2.099847 2.099827 2.099804 2.099778 2.099748 2.099713 2.099674 2.099628 2.099577 2.099517 2.099449 2.099370 2.099280 2.099176 2.099043 2.098903 2.098743 2.098557 2.098344 2.098098 2.097814 2.097486 2.097107 2.096669 2.096162 2.095577 2.094900 2.094116 2.093208 2.092157 2.090935 2.089520 2.087880 2.085977 2.083768 2.081192 2.078204 2.074735 2.070695 2.065977 2.060491 2.054104 2.046654 2.037965 2.027311 2.015366 2.001439 1.985151 1.966116 1.943736 1.917615 1.887970 1.855698 1.821529 1.786149 1.750208 1.713868 1.677377 1.641142 1.605316 1.569969 1.535228 1.501025 1.467591 1.434977 1.403069 1.371878 1.341464 1.311840 1.282963 1.254752 1.227294 1.200571 1.174516 1.149095 1.124324 1.100217 1.076669 1.053728 1.031340 1.009499 0.988204 0.967388 0.947117 0.927279 0.907927 0.889003 0.870506 0.852450 0.834766 0.817536 0.800663 0.784219 0.768155 0.752453 0.737115 0.722083 0.707467 0.693172 0.679268 0.665721 0.652502 0.639621 0.626994 0.614747 0.602692 0.590879 0.579310 0.567977 0.556938 0.546108 0.535593 0.525325 0.515331 0.505580 0.496019 0.486698 0.477555 0.465263 0.456576 0.448107 0.439866 0.431821 0.424018 0.416364 0.408903 0.401548 0.394284 0.387081 0.379871 0.372698 0.365545 0.358517 0.351588 0.344778 0.338120 0.331588 0.325262 0.319085 0.313094 0.307237 0.301469 0.295768 0.290039 0.284312 0.278570 0.272910 0.267316 0.261790 0.256426 0.251202 0.246177 0.241252 0.236423 0.231763 0.227203 0.222777 0.218416 0.214119 0.209841 0.205561 0.201314 0.197175 0.193210 0.189358 0.185675 0.182195 0.178960 0.175944 0.173106 0.170462 0.167953 0.165597 0.163397 0.161350 0.159433 0.157614 0.155906 0.154267 0.152687 0.151159 0.149700 0.148307 0.146969 0.145713 0.144526 0.143406 0.142325 0.141287 0.140302 0.139364 0.137155 0.136334 0.135555 0.134806 0.134085 0.133413 0.132788 0.132211 0.131665 0.131143 0.130639 0.130150 0.129681 0.129232 0.128809 0.128410 0.128036 0.127685 0.127355 0.127043 0.126746 0.126466 0.126198 0.125945 0.125703 0.125472 0.125252 0.125042 0.124842 0.124650 0.124467 0.124292 0.124123 0.123961 0.123806 0.123655 0.123511 0.123372 0.123237 0.123106 0.122979 0.122856 0.122737 0.122620 0.122506 0.122395 0.122287 0.122181 0.122078 0.121977 0.121878 0.121782 0.121686 0.121593 /Gy
dv:Sc/CellGeneric_abR2/HCP/Oxygen/Alpha = 351 2.100000 2.100000 2.100000 2.100000 2.100000 2.100000 2.100000 2.100000 2.100000 2.100000 2.100000 2.100000 2.100000 2.100000 2.100000 2.100000 2.100000 2.100000 2.100000 2.100000 2.100000 2.100000 2.100000 2.100000 2.100000 2.100000 2.100000 2.100000 2.100000 2.100000 2.100000 2.100000 2.100000 2.100000 2.100000 2.100000 2.100000 2.100000 2.100000 2.100000 2.100000 2.100000 2.100000 2.100000 2.100000 2.100000 2.100000 2.100000 2.100000 2.100000 2.100000 2.100000 2.100000 2.100000 2.100000 2.100000 2.100000 2.100000 2.099999 2.099999 2.099999 2.099999 2.099999 2.099999 2.099999 2.099999 2.099999 2.099998 2.099998 2.099998 2.099998 2.099997 2.099997 2.099997 2.099996 2.099996 2.099995 2.099995 2.099994 2.099994 2.099993 2.099992 2.099991 2.099990 2.099989 2.099988 2.099986 2.099985 2.099983 2.099981 2.099978 2.099976 2.099973 2.099970 2.099966 2.099962 2.099958 2.099953 2.099947 2.099940 2.099933 2.099925 2.099915 2.099905 2.099893 2.099879 2.099863 2.099846 2.099826 2.099803 2.099777 2.099747 2.099712 2.099673 2.099629 2.099577 2.099519 2.099451 2.099374 2.099285 2.099171 2.099052 2.098915 2.098758 2.098576 2.098367 2.098127 2.097849 2.097529 2.097160 2.096734 2.096241 2.095673 2.095016 2.094256 2.093378 2.092361 2.091180 2.089814 2.088233 2.086401 2.084278 2.081806 2.078937 2.075610 2.071743 2.067250 2.062001 2.055905 2.048818 2.040153 2.030434 2.019122 2.005932 1.990531 1.972537 1.951460 1.926802 1.898677 1.867859 1.835062 1.801062 1.766300 1.731137 1.695881 1.660580 1.625660 1.591225 1.557298 1.523875 1.491117 1.459132 1.427777 1.397132 1.367207 1.338041 1.309550 1.281800 1.254657 1.228238 1.202469 1.177325 1.152783 1.128825 1.105487 1.082689 1.060420 1.038700 1.017477 0.996789 0.976527 0.956754 0.937421 0.918516 0.900047 0.881949 0.864296 0.846980 0.830061 0.813499 0.797282 0.781415 0.765848 0.750694 0.735865 0.721425 0.707342 0.693592 0.680183 0.667029 0.654265 0.641699 0.629384 0.617320 0.605502 0.593982 0.582674 0.571683 0.560941 0.550474 0.540247 0.530209 0.520408 0.510785 0.497987 0.488814 0.479859 0.471135 0.462610 0.454333 0.446218 0.438327 0.430588 0.423025 0.415652 0.408438 0.401420 0.394527 0.387779 0.381092 0.374412 0.367727 0.361025 0.354423 0.347885 0.341473 0.335175 0.329012 0.323013 0.317154 0.311489 0.305933 0.300527 0.295222 0.289957 0.284714 0.279445 0.274272 0.269167 0.264130 0.259167 0.254247 0.249446 0.244738 0.240185 0.235715 0.231341 0.227133 0.223086 0.219224 0.215462 0.211753 0.208056 0.204376 0.200692 0.197054 0.193559 0.190150 0.186856 0.183689 0.180708 0.177921 0.175299 0.172858 0.170561 0.168418 0.166384 0.164452 0.162635 0.160937 0.159364 0.157881 0.156490 0.155177 0.153942 0.152775 0.151644 0.148913 0.147883 0.146899 0.145951 0.145024 0.144149 0.143326 0.142554 0.141814 0.141104 0.140416 0.139757 0.139130 0.138535 0.137975 0.137442 0.136937 0.136458 0.136001 0.135568 0.135155 0.134763 0.134387 0.134028 0.133685 0.133356 0.133042 0.132740 0.132451 0.132174 0.131907 0.131653 0.131408 0.131174 0.130949 0.130733 0.130527 0.130328 0.130137 0.129954 0.129777 0.129606 0.129441 0.129281 0.129126 0.128975 0.128828 0.128686 0.128547 0.128411 0.128279 0.128150 0.128023 0.128756 /Gy

dv:Sc/CellGeneric_abR2/HCP/Proton/Beta = 351 0.000000 0.000000 0.000000 0.000000 0.000000 0.000000 0.000000 0.000000 0.000000 0.000000 0.000000 0.000000 0.000000 0.000000 0.000000 0.000000 0.000000 0.000000 0.000000 0.000000 0.000000 0.000000 0.000000 0.000000 0.000000 0.000000 0.000000 0.000000 0.000000 0.000000 0.000000 0.000000 0.000000 0.000000 0.000000 0.000000 0.000000 0.000000 0.000000 0.000000 0.000000 0.000000 0.000000 0.000000 0.000000 0.000000 0.000000 0.000000 0.000000 0.000000 0.000000 0.000000 0.000000 0.000000 0.000000 0.000000 0.000000 0.000000 0.000000 0.000000 0.000000 0.000000 0.000000 0.000000 0.000000 0.000000 0.000000 0.000000 0.000000 0.000000 0.000000 0.000000 0.000000 0.000000 0.000000 0.000000 0.000000 0.000000 0.000000 0.000000 0.000000 0.000000 0.000000 0.000000 0.000000 0.000000 0.000000 0.000000 0.000000 0.000000 0.000000 0.000000 0.000000 0.000000 0.000000 0.000000 0.000000 0.000000 0.000000 0.000000 0.000000 0.000000 0.000000 0.000000 0.000000 0.000000 0.000000 0.000000 0.000000 0.000000 0.000000 0.000000 0.000000 0.000000 0.000000 0.000000 0.000001 0.000002 0.000003 0.000004 0.000005 0.000010 0.000013 0.000018 0.000024 0.000036 0.000053 0.000070 0.000094 0.000136 0.000194 0.000261 0.000355 0.000505 0.000701 0.000961 0.001322 0.001815 0.002559 0.003480 0.004615 0.005921 0.007413 0.008910 0.010418 0.011912 0.013497 0.014997 0.016439 0.017887 0.019594 0.021067 0.022482 0.023859 0.025211 0.026509 0.027739 0.028944 0.030124 0.031259 0.032336 0.033366 0.034361 0.035305 0.036195 0.037045 0.037860 0.038640 0.039378 0.040094 0.040798 0.041493 0.042151 0.042796 0.043438 0.044075 0.044705 0.045317 0.045913 0.046498 0.047073 0.047637 0.048136 0.048518 0.048799 0.049016 0.049188 0.049327 0.049444 0.049542 0.049629 0.049704 0.049769 0.049826 0.049873 0.049909 0.049934 0.049950 0.049961 0.049965 0.049969 0.049974 0.049980 0.049988 0.049997 0.050005 0.050011 0.050013 0.050011 0.050005 0.049999 0.049994 0.049989 0.049987 0.049987 0.049990 0.049996 0.050001 0.050007 0.050010 0.050012 0.050010 0.050007 0.050001 0.049994 0.049991 0.049990 0.049990 0.049993 0.049997 0.050001 0.050005 0.050007 0.050008 0.050008 0.050006 0.050003 0.049999 0.049996 0.049994 0.049993 0.049993 0.049995 0.049997 0.049999 0.050002 0.050004 0.050005 0.050005 0.050005 0.050004 0.050002 0.050000 0.049997 0.049996 0.049996 0.049996 0.049997 0.049994 0.049995 0.049996 0.049997 0.049998 0.049998 0.049998 0.049999 0.049999 0.049999 0.049998 0.049997 0.049996 0.049995 0.049994 0.049994 0.049995 0.049997 0.049997 0.049997 0.049998 0.049999 0.049999 0.050000 0.050000 0.049999 0.049999 0.050000 0.050000 0.049999 0.049999 0.049998 0.049999 0.049998 0.049998 0.049997 0.049996 0.049996 0.049996 0.049996 0.049997 0.049998 0.049997 0.049995 0.049997 0.049997 0.049997 0.049997 0.049998 0.049999 0.049998 0.049997 0.049999 0.049998 0.049998 0.049999 0.049999 0.049997 0.049998 0.049998 0.049997 0.049999 0.049998 0.049997 0.049999 0.049999 0.049999 0.050000 0.049999 0.049997 0.049999 0.049998 0.050000 0.050000 0.050001 0.050000 0.049998 0.049999 0.050000 0.050000 0.049998 0.049999 0.049998 0.050000 0.050000 0.049998 0.049999 0.049999 0.050000 0.050000 0.050000 0.049999 0.049999  /Gy2
dv:Sc/CellGeneric_abR2/HCP/Helium/Beta = 351 0.000000 0.000000 0.000000 0.000000 0.000000 0.000000 0.000000 0.000000 0.000000 0.000000 0.000000 0.000000 0.000000 0.000000 0.000000 0.000000 0.000000 0.000000 0.000000 0.000000 0.000000 0.000000 0.000000 0.000000 0.000000 0.000000 0.000000 0.000000 0.000000 0.000000 0.000000 0.000000 0.000000 0.000000 0.000000 0.000000 0.000000 0.000000 0.000000 0.000000 0.000000 0.000000 0.000000 0.000000 0.000000 0.000000 0.000000 0.000000 0.000000 0.000000 0.000000 0.000000 0.000000 0.000000 0.000000 0.000000 0.000000 0.000000 0.000000 0.000000 0.000000 0.000000 0.000000 0.000000 0.000000 0.000000 0.000000 0.000000 0.000000 0.000000 0.000000 0.000000 0.000000 0.000000 0.000000 0.000000 0.000000 0.000000 0.000000 0.000000 0.000000 0.000000 0.000000 0.000000 0.000000 0.000000 0.000000 0.000000 0.000000 0.000000 0.000000 0.000000 0.000000 0.000000 0.000000 0.000000 0.000000 0.000000 0.000000 0.000000 0.000000 0.000000 0.000000 0.000000 0.000000 0.000000 0.000000 0.000000 0.000000 0.000000 0.000000 0.000000 0.000000 0.000000 0.000000 0.000000 0.000000 0.000000 0.000000 0.000000 0.000000 0.000000 0.000000 0.000000 0.000000 0.000002 0.000003 0.000004 0.000005 0.000008 0.000013 0.000016 0.000021 0.000034 0.000047 0.000063 0.000085 0.000123 0.000171 0.000234 0.000321 0.000439 0.000635 0.000876 0.001208 0.001658 0.002315 0.003081 0.003950 0.004909 0.006072 0.007180 0.008290 0.009427 0.010610 0.011795 0.012928 0.014063 0.015213 0.016347 0.017437 0.018515 0.019601 0.020668 0.021703 0.022729 0.023751 0.024762 0.025743 0.026716 0.027683 0.028638 0.029542 0.030415 0.031252 0.032061 0.032833 0.033568 0.034265 0.034927 0.035554 0.036151 0.036715 0.037244 0.037749 0.038231 0.038692 0.039136 0.039571 0.039999 0.040430 0.040862 0.041299 0.041734 0.042162 0.042582 0.042987 0.043383 0.043783 0.044179 0.044580 0.044981 0.045392 0.045810 0.046234 0.046653 0.047067 0.047469 0.047851 0.048222 0.048574 0.048886 0.049117 0.049281 0.049407 0.049514 0.049612 0.049698 0.049771 0.049831 0.049874 0.049902 0.049915 0.049919 0.049925 0.049926 0.049932 0.049943 0.049959 0.049979 0.049997 0.050014 0.050026 0.050030 0.050028 0.050021 0.050009 0.049995 0.049984 0.049974 0.049970 0.049971 0.049978 0.049986 0.049996 0.050006 0.050014 0.050018 0.050019 0.050019 0.050016 0.050008 0.049998 0.049990 0.049984 0.049982 0.049983 0.049986 0.049988 0.049992 0.049997 0.050003 0.050008 0.050010 0.050010 0.050011 0.050011 0.050010 0.050006 0.050001 0.049996 0.049992 0.049990 0.049989 0.049991 0.049992 0.049993 0.049993 0.049995 0.049997 0.049999 0.050002 0.050005 0.050006 0.050006 0.050005 0.050005 0.050006 0.050007 0.050007 0.050006 0.050005 0.050003 0.050001 0.049999 0.049997 0.049995 0.049993 0.049992 0.049992 0.049992 0.049992 0.049994 0.049994 0.049992 0.049993 0.049993 0.049994 0.049993 0.049993 0.049994 0.049993 0.049995 0.049994 0.049995 0.049994 0.049993 0.049995 0.049995 0.049996 0.049994 0.049997 0.049995 0.049997 0.049997 0.049998 0.049996 0.049998 0.049996 0.050000 0.049999 0.049999 0.050001 0.049999 0.049997 0.050001 0.050001 0.049999 0.050000 0.049998 0.050001 0.050001 0.050000 0.050001 0.049999 0.050001 0.050001 0.050001 0.050001 0.049999 0.050001  /Gy2
dv:Sc/CellGeneric_abR2/HCP/Lithium/Beta = 351 0.000000 0.000000 0.000000 0.000000 0.000000 0.000000 0.000000 0.000000 0.000000 0.000000 0.000000 0.000000 0.000000 0.000000 0.000000 0.000000 0.000000 0.000000 0.000000 0.000000 0.000000 0.000000 0.000000 0.000000 0.000000 0.000000 0.000000 0.000000 0.000000 0.000000 0.000000 0.000000 0.000000 0.000000 0.000000 0.000000 0.000000 0.000000 0.000000 0.000000 0.000000 0.000000 0.000000 0.000000 0.000000 0.000000 0.000000 0.000000 0.000000 0.000000 0.000000 0.000000 0.000000 0.000000 0.000000 0.000000 0.000000 0.000000 0.000000 0.000000 0.000000 0.000000 0.000000 0.000000 0.000000 0.000000 0.000000 0.000000 0.000000 0.000000 0.000000 0.000000 0.000000 0.000000 0.000000 0.000000 0.000000 0.000000 0.000000 0.000000 0.000000 0.000000 0.000000 0.000000 0.000000 0.000000 0.000000 0.000000 0.000000 0.000000 0.000000 0.000000 0.000000 0.000000 0.000000 0.000000 0.000000 0.000000 0.000000 0.000000 0.000000 0.000000 0.000000 0.000000 0.000000 0.000000 0.000000 0.000000 0.000000 0.000000 0.000000 0.000000 0.000000 0.000000 0.000000 0.000000 0.000000 0.000000 0.000000 0.000000 0.000000 0.000000 0.000000 0.000000 0.000000 0.000000 0.000000 0.000000 0.000001 0.000003 0.000004 0.000004 0.000005 0.000010 0.000014 0.000018 0.000022 0.000034 0.000048 0.000063 0.000085 0.000121 0.000165 0.000222 0.000300 0.000405 0.000568 0.000792 0.001077 0.001467 0.002017 0.002665 0.003374 0.004158 0.005048 0.005951 0.006862 0.007793 0.008765 0.009732 0.010684 0.011637 0.012579 0.013565 0.014505 0.015436 0.016357 0.017304 0.018216 0.019122 0.020016 0.020927 0.021818 0.022698 0.023573 0.024452 0.025316 0.026163 0.026997 0.027822 0.028623 0.029404 0.030164 0.030909 0.031626 0.032322 0.032993 0.033640 0.034262 0.034855 0.035425 0.035968 0.036484 0.036975 0.037438 0.037877 0.038288 0.038675 0.039038 0.039382 0.039713 0.040035 0.040358 0.040686 0.041028 0.041382 0.041745 0.042112 0.042471 0.042819 0.043146 0.043458 0.043755 0.044059 0.044363 0.044677 0.045010 0.045357 0.045721 0.046089 0.046452 0.046807 0.047148 0.047474 0.047984 0.048270 0.048558 0.048833 0.049079 0.049278 0.049432 0.049555 0.049657 0.049744 0.049814 0.049869 0.049904 0.049921 0.049922 0.049914 0.049906 0.049901 0.049900 0.049909 0.049927 0.049948 0.049969 0.049994 0.050016 0.050031 0.050037 0.050038 0.050035 0.050026 0.050009 0.049991 0.049976 0.049966 0.049962 0.049965 0.049970 0.049975 0.049982 0.049993 0.050005 0.050014 0.050020 0.050020 0.050021 0.050022 0.050021 0.050014 0.050005 0.049995 0.049985 0.049980 0.049978 0.049980 0.049983 0.049985 0.049986 0.049987 0.049989 0.049993 0.049997 0.050001 0.050006 0.050010 0.050012 0.050011 0.050009 0.050009 0.050011 0.050013 0.050013 0.050012 0.050011 0.050004 0.050000 0.049996 0.049992 0.049989 0.049988 0.049987 0.049987 0.049988 0.049988 0.049989 0.049990 0.049991 0.049992 0.049992 0.049992 0.049992 0.049992 0.049992 0.049992 0.049993 0.049993 0.049993 0.049994 0.049994 0.049994 0.049994 0.049995 0.049995 0.049995 0.049995 0.049995 0.049995 0.049995 0.049995 0.049995 0.049995 0.049995 0.049995 0.049995 0.049995 0.049995 0.049995 0.049995 0.049995 0.049995 0.049995 0.049995 0.049995 0.049995 0.049995 0.049995 0.049996 0.049996 /Gy2
dv:Sc/CellGeneric_abR2/HCP/Beryllium/Beta = 351 0.000000 0.000000 0.000000 0.000000 0.000000 0.000000 0.000000 0.000000 0.000000 0.000000 0.000000 0.000000 0.000000 0.000000 0.000000 0.000000 0.000000 0.000000 0.000000 0.000000 0.000000 0.000000 0.000000 0.000000 0.000000 0.000000 0.000000 0.000000 0.000000 0.000000 0.000000 0.000000 0.000000 0.000000 0.000000 0.000000 0.000000 0.000000 0.000000 0.000000 0.000000 0.000000 0.000000 0.000000 0.000000 0.000000 0.000000 0.000000 0.000000 0.000000 0.000000 0.000000 0.000000 0.000000 0.000000 0.000000 0.000000 0.000000 0.000000 0.000000 0.000000 0.000000 0.000000 0.000000 0.000000 0.000000 0.000000 0.000000 0.000000 0.000000 0.000000 0.000000 0.000000 0.000000 0.000000 0.000000 0.000000 0.000000 0.000000 0.000000 0.000000 0.000000 0.000000 0.000000 0.000000 0.000000 0.000000 0.000000 0.000000 0.000000 0.000000 0.000000 0.000000 0.000000 0.000000 0.000000 0.000000 0.000000 0.000000 0.000000 0.000000 0.000000 0.000000 0.000000 0.000000 0.000000 0.000000 0.000000 0.000000 0.000000 0.000000 0.000000 0.000000 0.000000 0.000000 0.000000 0.000000 0.000000 0.000000 0.000000 0.000000 0.000000 0.000000 0.000000 0.000000 0.000000 0.000000 0.000000 0.000000 0.000000 0.000000 0.000001 0.000003 0.000003 0.000004 0.000008 0.000011 0.000014 0.000018 0.000023 0.000034 0.000049 0.000063 0.000085 0.000119 0.000163 0.000219 0.000296 0.000399 0.000559 0.000783 0.001058 0.001426 0.001929 0.002505 0.003144 0.003842 0.004613 0.005407 0.006209 0.007026 0.007845 0.008736 0.009588 0.010423 0.011265 0.012130 0.012990 0.013820 0.014652 0.015493 0.016328 0.017142 0.017954 0.018771 0.019581 0.020379 0.021174 0.021971 0.022764 0.023549 0.024332 0.025112 0.025888 0.026647 0.027396 0.028132 0.028850 0.029552 0.030235 0.030905 0.031559 0.032197 0.032820 0.033425 0.034014 0.034582 0.035133 0.035663 0.036172 0.036660 0.037127 0.037572 0.037990 0.038384 0.038753 0.039097 0.039417 0.039714 0.039993 0.040254 0.040508 0.040761 0.041024 0.041308 0.041614 0.041941 0.042276 0.042608 0.042928 0.043230 0.043514 0.043774 0.044016 0.044407 0.044660 0.044937 0.045239 0.045562 0.045895 0.046231 0.046559 0.046879 0.047185 0.047470 0.047734 0.047973 0.048204 0.048437 0.048673 0.048919 0.049159 0.049364 0.049518 0.049637 0.049732 0.049808 0.049867 0.049906 0.049931 0.049938 0.049926 0.049908 0.049895 0.049885 0.049885 0.049897 0.049915 0.049933 0.049953 0.049978 0.050004 0.050025 0.050038 0.050040 0.050040 0.050041 0.050034 0.050020 0.050003 0.049984 0.049970 0.049960 0.049957 0.049961 0.049967 0.049969 0.049972 0.049978 0.049986 0.049994 0.050005 0.050014 0.050020 0.050021 0.050019 0.050019 0.050022 0.050024 0.050024 0.050021 0.050017 0.050011 0.050005 0.049996 0.049987 0.049980 0.049975 0.049975 0.049977 0.049980 0.049982 0.049984 0.049985 0.049985 0.049985 0.049985 0.049987 0.049988 0.049988 0.049989 0.049989 0.049990 0.049990 0.049991 0.049992 0.049992 0.049993 0.049994 0.049996 0.049997 0.049998 0.050000 0.050001 0.050003 0.050004 0.050006 0.050007 0.050009 0.050009 0.050011 0.050012 0.050013 0.050014 0.050014 0.050015 0.050015 0.050016 0.050016 0.050016 0.050017 0.050017 0.050017 0.050017 0.050017 0.050017 0.050017 0.050017 0.050016 0.050016 0.050016 /Gy2
dv:Sc/CellGeneric_abR2/HCP/Boron/Beta = 351 0.000000 0.000000 0.000000 0.000000 0.000000 0.000000 0.000000 0.000000 0.000000 0.000000 0.000000 0.000000 0.000000 0.000000 0.000000 0.000000 0.000000 0.000000 0.000000 0.000000 0.000000 0.000000 0.000000 0.000000 0.000000 0.000000 0.000000 0.000000 0.000000 0.000000 0.000000 0.000000 0.000000 0.000000 0.000000 0.000000 0.000000 0.000000 0.000000 0.000000 0.000000 0.000000 0.000000 0.000000 0.000000 0.000000 0.000000 0.000000 0.000000 0.000000 0.000000 0.000000 0.000000 0.000000 0.000000 0.000000 0.000000 0.000000 0.000000 0.000000 0.000000 0.000000 0.000000 0.000000 0.000000 0.000000 0.000000 0.000000 0.000000 0.000000 0.000000 0.000000 0.000000 0.000000 0.000000 0.000000 0.000000 0.000000 0.000000 0.000000 0.000000 0.000000 0.000000 0.000000 0.000000 0.000000 0.000000 0.000000 0.000000 0.000000 0.000000 0.000000 0.000000 0.000000 0.000000 0.000000 0.000000 0.000000 0.000000 0.000000 0.000000 0.000000 0.000000 0.000000 0.000000 0.000000 0.000000 0.000000 0.000000 0.000000 0.000000 0.000000 0.000000 0.000000 0.000000 0.000000 0.000000 0.000000 0.000000 0.000000 0.000000 0.000000 0.000000 0.000000 0.000000 0.000000 0.000000 0.000000 0.000000 0.000000 0.000000 0.000000 0.000000 0.000001 0.000003 0.000003 0.000004 0.000005 0.000010 0.000014 0.000017 0.000021 0.000033 0.000045 0.000059 0.000078 0.000101 0.000150 0.000204 0.000271 0.000367 0.000517 0.000707 0.000956 0.001286 0.001688 0.002233 0.002803 0.003425 0.004085 0.004812 0.005562 0.006292 0.007040 0.007829 0.008621 0.009387 0.010160 0.010961 0.011744 0.012515 0.013285 0.014063 0.014830 0.015588 0.016341 0.017086 0.017843 0.018582 0.019316 0.020044 0.020781 0.021505 0.022231 0.022953 0.023681 0.024403 0.025121 0.025834 0.026541 0.027237 0.027920 0.028591 0.029251 0.029895 0.030527 0.031144 0.031752 0.032343 0.032922 0.033489 0.034044 0.034587 0.035114 0.035625 0.036118 0.036592 0.037048 0.037483 0.037901 0.038294 0.038669 0.039024 0.039356 0.039666 0.039951 0.040215 0.040456 0.040679 0.040889 0.041095 0.041309 0.041545 0.041811 0.042275 0.042590 0.042900 0.043199 0.043481 0.043739 0.043972 0.044181 0.044379 0.044586 0.044800 0.045045 0.045321 0.045619 0.045925 0.046234 0.046540 0.046834 0.047115 0.047378 0.047624 0.047842 0.048035 0.048224 0.048418 0.048623 0.048855 0.049098 0.049316 0.049490 0.049625 0.049728 0.049805 0.049865 0.049904 0.049933 0.049949 0.049945 0.049927 0.049903 0.049885 0.049875 0.049876 0.049889 0.049904 0.049918 0.049933 0.049954 0.049978 0.050002 0.050024 0.050039 0.050042 0.050040 0.050042 0.050045 0.050040 0.050030 0.050017 0.050002 0.049984 0.049970 0.049961 0.049956 0.049955 0.049957 0.049962 0.049965 0.049966 0.049967 0.049971 0.049975 0.049979 0.049989 0.049994 0.050001 0.050007 0.050014 0.050020 0.050023 0.050023 0.050021 0.050018 0.050017 0.050016 0.050017 0.050019 0.050021 0.050023 0.050025 0.050025 0.050025 0.050024 0.050023 0.050022 0.050021 0.050020 0.050019 0.050018 0.050018 0.050017 0.050017 0.050016 0.050016 0.050015 0.050014 0.050013 0.050012 0.050011 0.050010 0.050009 0.050008 0.050006 0.050005 0.050004 0.050003 0.050002 0.050001 0.050000 0.049999 0.049998 0.049997 0.049996 0.049995 0.049994 0.049993 0.049992  /Gy2
dv:Sc/CellGeneric_abR2/HCP/Carbon/Beta = 351 0.000000 0.000000 0.000000 0.000000 0.000000 0.000000 0.000000 0.000000 0.000000 0.000000 0.000000 0.000000 0.000000 0.000000 0.000000 0.000000 0.000000 0.000000 0.000000 0.000000 0.000000 0.000000 0.000000 0.000000 0.000000 0.000000 0.000000 0.000000 0.000000 0.000000 0.000000 0.000000 0.000000 0.000000 0.000000 0.000000 0.000000 0.000000 0.000000 0.000000 0.000000 0.000000 0.000000 0.000000 0.000000 0.000000 0.000000 0.000000 0.000000 0.000000 0.000000 0.000000 0.000000 0.000000 0.000000 0.000000 0.000000 0.000000 0.000000 0.000000 0.000000 0.000000 0.000000 0.000000 0.000000 0.000000 0.000000 0.000000 0.000000 0.000000 0.000000 0.000000 0.000000 0.000000 0.000000 0.000000 0.000000 0.000000 0.000000 0.000000 0.000000 0.000000 0.000000 0.000000 0.000000 0.000000 0.000000 0.000000 0.000000 0.000000 0.000000 0.000000 0.000000 0.000000 0.000000 0.000000 0.000000 0.000000 0.000000 0.000000 0.000000 0.000000 0.000000 0.000000 0.000000 0.000000 0.000000 0.000000 0.000000 0.000000 0.000000 0.000000 0.000000 0.000000 0.000000 0.000000 0.000000 0.000000 0.000000 0.000000 0.000000 0.000000 0.000000 0.000000 0.000000 0.000000 0.000000 0.000000 0.000000 0.000000 0.000000 0.000000 0.000000 0.000000 0.000000 0.000002 0.000003 0.000003 0.000004 0.000008 0.000011 0.000014 0.000018 0.000023 0.000034 0.000048 0.000062 0.000083 0.000108 0.000160 0.000218 0.000288 0.000385 0.000534 0.000737 0.000987 0.001321 0.001749 0.002243 0.002784 0.003369 0.003979 0.004682 0.005364 0.006041 0.006738 0.007474 0.008213 0.008927 0.009648 0.010396 0.011129 0.011851 0.012572 0.013302 0.014022 0.014734 0.015440 0.016140 0.016850 0.017543 0.018233 0.018915 0.019604 0.020281 0.020957 0.021630 0.022306 0.022979 0.023650 0.024323 0.024996 0.025666 0.026331 0.026987 0.027637 0.028273 0.028901 0.029516 0.030121 0.030714 0.031298 0.031873 0.032435 0.032985 0.033521 0.034044 0.034556 0.035055 0.035544 0.036016 0.036479 0.036930 0.037366 0.037788 0.038190 0.038575 0.038939 0.039282 0.039602 0.039901 0.040179 0.040433 0.040666 0.040965 0.041151 0.041327 0.041507 0.041704 0.041931 0.042192 0.042475 0.042768 0.043060 0.043344 0.043615 0.043863 0.044087 0.044281 0.044454 0.044622 0.044797 0.044992 0.045225 0.045489 0.045765 0.046048 0.046336 0.046618 0.046888 0.047141 0.047383 0.047612 0.047813 0.047984 0.048137 0.048296 0.048461 0.048652 0.048871 0.049090 0.049291 0.049465 0.049613 0.049721 0.049800 0.049861 0.049901 0.049931 0.049955 0.049960 0.049948 0.049927 0.049902 0.049880 0.049870 0.049869 0.049877 0.049892 0.049904 0.049912 0.049924 0.049941 0.049959 0.049976 0.049997 0.050017 0.050034 0.050043 0.050042 0.050039 0.050039 0.050044 0.050048 0.050048 0.050042 0.050034 0.050010 0.049999 0.049986 0.049974 0.049964 0.049958 0.049954 0.049953 0.049953 0.049954 0.049956 0.049959 0.049961 0.049963 0.049963 0.049963 0.049964 0.049964 0.049965 0.049966 0.049967 0.049968 0.049970 0.049972 0.049974 0.049976 0.049977 0.049979 0.049979 0.049980 0.049980 0.049981 0.049981 0.049982 0.049982 0.049982 0.049982 0.049982 0.049982 0.049982 0.049983 0.049983 0.049983 0.049983 0.049983 0.049983 0.049983 0.049983 0.049983 0.049983 0.049983 0.049983 0.049984 0.049984 /Gy2
dv:Sc/CellGeneric_abR2/HCP/Nitrogen/Beta = 351 0.000000 0.000000 0.000000 0.000000 0.000000 0.000000 0.000000 0.000000 0.000000 0.000000 0.000000 0.000000 0.000000 0.000000 0.000000 0.000000 0.000000 0.000000 0.000000 0.000000 0.000000 0.000000 0.000000 0.000000 0.000000 0.000000 0.000000 0.000000 0.000000 0.000000 0.000000 0.000000 0.000000 0.000000 0.000000 0.000000 0.000000 0.000000 0.000000 0.000000 0.000000 0.000000 0.000000 0.000000 0.000000 0.000000 0.000000 0.000000 0.000000 0.000000 0.000000 0.000000 0.000000 0.000000 0.000000 0.000000 0.000000 0.000000 0.000000 0.000000 0.000000 0.000000 0.000000 0.000000 0.000000 0.000000 0.000000 0.000000 0.000000 0.000000 0.000000 0.000000 0.000000 0.000000 0.000000 0.000000 0.000000 0.000000 0.000000 0.000000 0.000000 0.000000 0.000000 0.000000 0.000000 0.000000 0.000000 0.000000 0.000000 0.000000 0.000000 0.000000 0.000000 0.000000 0.000000 0.000000 0.000000 0.000000 0.000000 0.000000 0.000000 0.000000 0.000000 0.000000 0.000000 0.000000 0.000000 0.000000 0.000000 0.000000 0.000000 0.000000 0.000000 0.000000 0.000000 0.000000 0.000000 0.000000 0.000000 0.000000 0.000000 0.000000 0.000000 0.000000 0.000000 0.000000 0.000000 0.000000 0.000000 0.000000 0.000000 0.000000 0.000000 0.000000 0.000000 0.000000 0.000001 0.000002 0.000003 0.000004 0.000005 0.000010 0.000013 0.000016 0.000020 0.000031 0.000042 0.000055 0.000072 0.000095 0.000135 0.000187 0.000249 0.000332 0.000440 0.000622 0.000843 0.001117 0.001465 0.001910 0.002418 0.002942 0.003506 0.004140 0.004776 0.005415 0.006068 0.006722 0.007438 0.008124 0.008798 0.009480 0.010182 0.010882 0.011562 0.012243 0.012937 0.013624 0.014296 0.014965 0.015642 0.016308 0.016965 0.017619 0.018273 0.018920 0.019562 0.020199 0.020837 0.021470 0.022102 0.022732 0.023365 0.023998 0.024631 0.025265 0.025897 0.026527 0.027148 0.027762 0.028369 0.028966 0.029556 0.030133 0.030703 0.031259 0.031805 0.032340 0.032864 0.033379 0.033880 0.034375 0.034862 0.035340 0.035809 0.036265 0.036712 0.037143 0.037561 0.037963 0.038349 0.038722 0.039077 0.039416 0.039881 0.040172 0.040441 0.040687 0.040910 0.041109 0.041287 0.041446 0.041596 0.041747 0.041917 0.042120 0.042359 0.042625 0.042900 0.043175 0.043447 0.043706 0.043949 0.044167 0.044359 0.044524 0.044667 0.044810 0.044964 0.045149 0.045374 0.045623 0.045879 0.046142 0.046413 0.046672 0.046920 0.047147 0.047363 0.047574 0.047761 0.047919 0.048053 0.048179 0.048313 0.048463 0.048641 0.048844 0.049042 0.049225 0.049398 0.049550 0.049671 0.049761 0.049829 0.049878 0.049909 0.049938 0.049962 0.049971 0.049963 0.049946 0.049926 0.049901 0.049877 0.049866 0.049864 0.049868 0.049877 0.049888 0.049896 0.049901 0.049906 0.049916 0.049929 0.049941 0.049951 0.049984 0.049998 0.050013 0.050027 0.050039 0.050044 0.050044 0.050041 0.050038 0.050036 0.050037 0.050040 0.050045 0.050049 0.050051 0.050052 0.050050 0.050047 0.050043 0.050039 0.050035 0.050031 0.050028 0.050026 0.050023 0.050021 0.050019 0.050017 0.050014 0.050012 0.050009 0.050006 0.050003 0.050000 0.049997 0.049994 0.049991 0.049988 0.049985 0.049983 0.049980 0.049977 0.049975 0.049973 0.049971 0.049969 0.049967 0.049965 0.049963 0.049962 0.049960 0.049959 0.049957 0.049955 /Gy2
dv:Sc/CellGeneric_abR2/HCP/Oxygen/Beta = 351 0.000000 0.000000 0.000000 0.000000 0.000000 0.000000 0.000000 0.000000 0.000000 0.000000 0.000000 0.000000 0.000000 0.000000 0.000000 0.000000 0.000000 0.000000 0.000000 0.000000 0.000000 0.000000 0.000000 0.000000 0.000000 0.000000 0.000000 0.000000 0.000000 0.000000 0.000000 0.000000 0.000000 0.000000 0.000000 0.000000 0.000000 0.000000 0.000000 0.000000 0.000000 0.000000 0.000000 0.000000 0.000000 0.000000 0.000000 0.000000 0.000000 0.000000 0.000000 0.000000 0.000000 0.000000 0.000000 0.000000 0.000000 0.000000 0.000000 0.000000 0.000000 0.000000 0.000000 0.000000 0.000000 0.000000 0.000000 0.000000 0.000000 0.000000 0.000000 0.000000 0.000000 0.000000 0.000000 0.000000 0.000000 0.000000 0.000000 0.000000 0.000000 0.000000 0.000000 0.000000 0.000000 0.000000 0.000000 0.000000 0.000000 0.000000 0.000000 0.000000 0.000000 0.000000 0.000000 0.000000 0.000000 0.000000 0.000000 0.000000 0.000000 0.000000 0.000000 0.000000 0.000000 0.000000 0.000000 0.000000 0.000000 0.000000 0.000000 0.000000 0.000000 0.000000 0.000000 0.000000 0.000000 0.000000 0.000000 0.000000 0.000000 0.000000 0.000000 0.000000 0.000000 0.000000 0.000000 0.000000 0.000000 0.000000 0.000000 0.000000 0.000000 0.000000 0.000000 0.000000 0.000000 0.000001 0.000002 0.000003 0.000004 0.000004 0.000008 0.000012 0.000015 0.000019 0.000024 0.000039 0.000052 0.000066 0.000088 0.000126 0.000171 0.000227 0.000302 0.000401 0.000554 0.000762 0.001007 0.001324 0.001738 0.002197 0.002690 0.003219 0.003766 0.004399 0.005011 0.005618 0.006243 0.006904 0.007568 0.008210 0.008866 0.009535 0.010198 0.010851 0.011505 0.012152 0.012822 0.013469 0.014113 0.014752 0.015400 0.016036 0.016663 0.017288 0.017913 0.018533 0.019146 0.019753 0.020362 0.020966 0.021566 0.022164 0.022763 0.023362 0.023959 0.024559 0.025161 0.025764 0.026365 0.026963 0.027558 0.028143 0.028721 0.029288 0.029845 0.030393 0.030930 0.031461 0.031979 0.032493 0.032999 0.033496 0.033986 0.034465 0.034937 0.035396 0.035845 0.036283 0.036710 0.037129 0.037537 0.037934 0.038497 0.038863 0.039213 0.039545 0.039861 0.040157 0.040436 0.040693 0.040931 0.041146 0.041339 0.041508 0.041655 0.041788 0.041914 0.042050 0.042217 0.042422 0.042663 0.042917 0.043178 0.043438 0.043693 0.043935 0.044158 0.044359 0.044532 0.044680 0.044804 0.044924 0.045058 0.045223 0.045429 0.045653 0.045880 0.046115 0.046359 0.046602 0.046833 0.047055 0.047257 0.047454 0.047648 0.047813 0.047948 0.048060 0.048157 0.048264 0.048383 0.048525 0.048694 0.048871 0.049035 0.049195 0.049355 0.049498 0.049615 0.049711 0.049787 0.049844 0.049883 0.049909 0.049933 0.049959 0.049977 0.049981 0.049973 0.049960 0.049945 0.049928 0.049905 0.049883 0.049866 0.049862 0.049867 0.049875 0.049883 0.049891 0.049896 0.049897 0.049898 0.049900 0.049904 0.049913 0.049922 0.049931 0.049938 0.049943 0.049947 0.049951 0.049954 0.049958 0.049962 0.049966 0.049970 0.049975 0.049980 0.049986 0.049991 0.049997 0.050002 0.050007 0.050012 0.050017 0.050022 0.050026 0.050030 0.050033 0.050036 0.050039 0.050041 0.050043 0.050045 0.050046 0.050047 0.050048 0.050048 0.050049 0.050049 0.050049 0.050049 0.050049 0.050049 0.050049 0.050048 0.050048 0.050042 /Gy2