Energy 7 			# in MeV 
Multiplicity PromptGamma 0.015794
Differential_cross_section PromptGamma 29 	 # Secondary particule & Nbr of rows (Energies) 
# 	Energy(MeV)	Int.(b/MeV)
	0.250000	1.069546e-06
	0.500000	5.344871e-06
	0.750000	2.596749e-08
	1.000000	5.822952e-08
	1.250000	1.075192e-07
	1.500000	1.755501e-07
	1.750000	2.632765e-07
	2.000000	3.710135e-07
	2.250000	4.985490e-07
	2.500000	6.452503e-07
	2.750000	8.101503e-07
	3.000000	9.920318e-07
	3.250000	1.189497e-06
	3.500000	1.401038e-06
	3.750000	1.625078e-06
	4.000000	1.860051e-06
	4.250000	2.104388e-06
	4.500000	2.356620e-06
	4.750000	2.615389e-06
	5.000000	2.879421e-06
	5.250000	3.147664e-06
	5.500000	3.419213e-06
	5.750000	3.693410e-06
	6.000000	3.969835e-06
	6.250000	1.309088e-02
	6.500000	4.529092e-06
	6.750000	5.336745e-06
	7.000000	0.000000e+00
	7.250000	1.853995e-05

#################################################################################################################################################

Energy 8 			# in MeV 
Multiplicity PromptGamma 0.193434
Differential_cross_section PromptGamma 33 	 # Secondary particule & Nbr of rows (Energies) 
# 	Energy(MeV)	Int.(b/MeV)
	0.250000	1.100648e-06
	0.500000	5.501525e-06
	0.750000	7.114811e-06
	1.000000	4.228338e-07
	1.250000	6.602218e-08
	1.500000	1.083398e-07
	1.750000	1.632847e-07
	2.000000	2.312248e-07
	2.250000	3.122079e-07
	2.500000	4.060091e-07
	2.750000	5.121888e-07
	3.000000	6.301406e-07
	3.250000	7.591245e-07
	3.500000	8.983198e-07
	3.750000	1.046852e-06
	4.000000	1.203806e-06
	4.250000	1.368289e-06
	4.500000	1.539421e-06
	4.750000	1.716358e-06
	5.000000	1.898349e-06
	5.250000	2.084683e-06
	5.500000	2.274786e-06
	5.750000	2.468155e-06
	6.000000	2.664456e-06
	6.250000	2.109770e-01
	6.500000	3.065140e-06
	6.750000	3.269618e-06
	7.000000	2.684206e-02
	7.250000	3.688560e-06
	7.500000	3.904433e-06
	7.750000	5.496613e-06
	8.000000	0.000000e+00
	8.250000	1.605346e-05

#################################################################################################################################################

Energy 9 			# in MeV 
Multiplicity PromptGamma 0.343164
Differential_cross_section PromptGamma 36 	 # Secondary particule & Nbr of rows (Energies) 
# 	Energy(MeV)	Int.(b/MeV)
	0.250000	6.575819e-07
	0.500000	3.287031e-06
	0.750000	3.375710e-05
	1.000000	2.353667e-05
	1.250000	3.422192e-08
	1.500000	5.628473e-08
	1.750000	8.500344e-08
	2.000000	1.205986e-07
	2.250000	1.631186e-07
	2.500000	2.124707e-07
	2.750000	2.684470e-07
	3.000000	3.307483e-07
	3.250000	3.990078e-07
	3.500000	4.728112e-07
	3.750000	5.517108e-07
	4.000000	6.352468e-07
	4.250000	7.229568e-07
	4.500000	8.143878e-07
	4.750000	9.091086e-07
	5.000000	1.006718e-06
	5.250000	1.106853e-06
	5.500000	1.209208e-06
	5.750000	1.313522e-06
	6.000000	1.419571e-06
	6.250000	3.637705e-01
	6.500000	1.636502e-06
	6.750000	1.747357e-06
	7.000000	1.585376e-01
	7.250000	1.974527e-06
	7.500000	2.091456e-06
	7.750000	2.211218e-06
	8.000000	2.334481e-06
	8.250000	2.462106e-06
	8.500000	3.284510e-06
	8.750000	0.000000e+00
	9.000000	1.190864e-05

#################################################################################################################################################

Energy 10 			# in MeV 
Multiplicity PromptGamma 0.395116
Differential_cross_section PromptGamma 40 	 # Secondary particule & Nbr of rows (Energies) 
# 	Energy(MeV)	Int.(b/MeV)
	0.250000	5.790717e-07
	0.500000	2.894744e-06
	0.750000	5.862373e-05
	1.000000	4.759242e-05
	1.250000	2.417616e-08
	1.500000	3.983507e-08
	1.750000	2.789895e-03
	2.000000	9.300379e-04
	2.250000	1.159961e-07
	2.500000	1.513083e-07
	2.750000	1.685486e-02
	3.000000	2.361853e-07
	3.250000	2.853081e-07
	3.500000	3.385267e-07
	3.750000	3.955407e-07
	4.000000	4.560327e-07
	4.250000	5.196889e-07
	4.500000	5.862021e-07
	4.750000	6.552752e-07
	5.000000	7.266329e-07
	5.250000	8.000267e-07
	5.500000	8.752402e-07
	5.750000	9.520902e-07
	6.000000	1.030433e-06
	6.250000	3.641559e-01
	6.500000	1.191265e-06
	6.750000	1.273698e-06
	7.000000	2.849690e-01
	7.250000	1.442939e-06
	7.500000	1.530066e-06
	7.750000	1.619215e-06
	8.000000	1.710754e-06
	8.250000	1.805159e-06
	8.500000	1.903005e-06
	8.750000	1.596197e-03
	9.000000	2.112126e-06
	9.250000	2.225349e-06
	9.500000	2.892982e-06
	9.750000	0.000000e+00
	10.000000	1.065049e-05

#################################################################################################################################################

Energy 11 			# in MeV 
Multiplicity PromptGamma 0.462144
Differential_cross_section PromptGamma 44 	 # Secondary particule & Nbr of rows (Energies) 
# 	Energy(MeV)	Int.(b/MeV)
	0.250000	6.500987e-07
	0.500000	3.249958e-06
	0.750000	7.596416e-05
	1.000000	6.388300e-05
	1.250000	2.116837e-08
	1.500000	3.491497e-08
	1.750000	1.201686e-02
	2.000000	4.005714e-03
	2.250000	1.019750e-07
	2.500000	1.331534e-07
	2.750000	7.259923e-02
	3.000000	2.082733e-07
	3.250000	2.518596e-07
	3.500000	2.991633e-07
	3.750000	3.499326e-07
	4.000000	4.039111e-07
	4.250000	4.608333e-07
	4.500000	5.204405e-07
	4.750000	5.824862e-07
	5.000000	6.467450e-07
	5.250000	7.130082e-07
	5.500000	7.810940e-07
	5.750000	8.508541e-07
	6.000000	9.221656e-07
	6.250000	3.670106e-01
	6.500000	1.069171e-06
	6.750000	1.144804e-06
	7.000000	3.724370e-01
	7.250000	1.300597e-06
	7.500000	1.380984e-06
	7.750000	1.463292e-06
	8.000000	1.547769e-06
	8.250000	1.634773e-06
	8.500000	1.724722e-06
	8.750000	6.868566e-03
	9.000000	1.915551e-06
	9.250000	2.017774e-06
	9.500000	2.125648e-06
	9.750000	2.240185e-06
	10.000000	2.362615e-06
	10.250000	2.494314e-06
	10.500000	3.248413e-06
	10.750000	0.000000e+00
	11.000000	1.060815e-05

#################################################################################################################################################

Energy 12 			# in MeV 
Multiplicity PromptGamma 0.496115
Differential_cross_section PromptGamma 48 	 # Secondary particule & Nbr of rows (Energies) 
# 	Energy(MeV)	Int.(b/MeV)
	0.250000	7.804648e-07
	0.500000	3.901883e-06
	0.750000	8.224247e-05
	1.000000	5.393608e-05
	1.250000	1.758838e-08
	1.500000	2.906570e-08
	1.750000	2.458034e-02
	2.000000	8.193556e-03
	2.250000	8.535110e-08
	2.500000	1.116403e-07
	2.750000	1.485009e-01
	3.000000	1.752309e-07
	3.250000	2.122698e-07
	3.500000	2.525786e-07
	3.750000	2.959682e-07
	4.000000	3.422306e-07
	4.250000	3.911689e-07
	4.500000	4.425764e-07
	4.750000	4.962655e-07
	5.000000	5.520607e-07
	5.250000	6.098003e-07
	5.500000	6.693468e-07
	5.750000	7.305861e-07
	6.000000	7.934304e-07
	6.250000	3.727014e-01
	6.500000	9.237417e-07
	6.750000	9.911896e-07
	7.000000	3.814886e-01
	7.250000	1.130886e-06
	7.500000	1.203346e-06
	7.750000	1.277751e-06
	8.000000	1.354330e-06
	8.250000	1.433339e-06
	8.500000	1.515120e-06
	8.750000	1.404743e-02
	9.000000	1.688638e-06
	9.250000	1.781403e-06
	9.500000	1.879002e-06
	9.750000	1.982192e-06
	10.000000	2.091871e-06
	10.250000	2.209074e-06
	10.500000	2.335009e-06
	10.750000	2.471106e-06
	11.000000	2.618999e-06
	11.250000	2.780663e-06
	11.500000	3.900625e-06
	11.750000	0.000000e+00
	12.000000	9.912182e-06

#################################################################################################################################################

Energy 13 			# in MeV 
Multiplicity PromptGamma 0.522133
Differential_cross_section PromptGamma 51 	 # Secondary particule & Nbr of rows (Energies) 
# 	Energy(MeV)	Int.(b/MeV)
	0.250000	9.215477e-07
	0.500000	4.607381e-06
	0.750000	8.519547e-05
	1.000000	7.409304e-05
	1.250000	1.440561e-08
	1.500000	2.385415e-08
	1.750000	2.763155e-02
	2.000000	9.210632e-03
	2.250000	7.043937e-08
	2.500000	9.229765e-08
	2.750000	1.669352e-01
	3.000000	1.453702e-07
	3.250000	1.763961e-07
	3.500000	2.102503e-07
	3.750000	4.682111e-02
	4.000000	2.858501e-07
	4.250000	3.272853e-07
	4.500000	3.709410e-07
	4.750000	4.166690e-07
	5.000000	4.643340e-07
	5.250000	5.138141e-07
	5.500000	5.650100e-07
	5.750000	6.178337e-07
	6.000000	6.722253e-07
	6.250000	3.522273e-01
	6.500000	7.855792e-07
	6.750000	8.445471e-07
	7.000000	4.212051e-01
	7.250000	9.672875e-07
	7.500000	1.031247e-06
	7.750000	1.097103e-06
	8.000000	1.165056e-06
	8.250000	1.235324e-06
	8.500000	1.308163e-06
	8.750000	1.579083e-02
	9.000000	1.462945e-06
	9.250000	1.545696e-06
	9.500000	1.632685e-06
	9.750000	1.724489e-06
	10.000000	1.821814e-06
	10.250000	1.925446e-06
	10.500000	2.036314e-06
	10.750000	2.155490e-06
	11.000000	2.284213e-06
	11.250000	2.423937e-06
	11.500000	2.576358e-06
	11.750000	2.743446e-06
	12.000000	2.927455e-06
	12.250000	4.606368e-06
	12.500000	0.000000e+00
	12.750000	1.013392e-05

#################################################################################################################################################

Energy 14 			# in MeV 
Multiplicity PromptGamma 0.536175
Differential_cross_section PromptGamma 55 	 # Secondary particule & Nbr of rows (Energies) 
# 	Energy(MeV)	Int.(b/MeV)
	0.250000	1.146289e-06
	0.500000	5.731127e-06
	0.750000	8.748400e-05
	1.000000	9.363920e-05
	1.250000	1.286950e-08
	1.500000	2.133350e-08
	1.750000	2.716067e-02
	2.000000	9.053659e-03
	2.250000	6.319030e-08
	2.500000	8.288286e-08
	2.750000	1.640895e-01
	3.000000	1.308052e-07
	3.250000	1.588860e-07
	3.500000	1.895756e-07
	3.750000	9.130787e-02
	4.000000	2.582822e-07
	4.250000	2.960372e-07
	4.500000	3.665522e-03
	4.750000	3.777142e-07
	5.000000	4.213936e-07
	5.250000	4.668302e-07
	5.500000	5.139363e-07
	5.750000	5.626464e-07
	6.000000	6.129083e-07
	6.250000	3.261541e-01
	6.500000	7.180001e-07
	6.750000	7.728465e-07
	7.000000	4.575844e-01
	7.250000	8.873727e-07
	7.500000	9.472249e-07
	7.750000	1.008977e-06
	8.000000	1.072789e-06
	8.250000	1.138874e-06
	8.500000	1.207460e-06
	8.750000	1.552160e-02
	9.000000	1.353355e-06
	9.250000	1.431378e-06
	9.500000	1.513361e-06
	9.750000	1.599803e-06
	10.000000	1.691303e-06
	10.250000	1.788540e-06
	10.500000	1.892277e-06
	10.750000	2.003434e-06
	11.000000	2.123029e-06
	11.250000	2.252264e-06
	11.500000	2.392531e-06
	11.750000	2.545449e-06
	12.000000	2.712870e-06
	12.250000	2.896956e-06
	12.500000	3.100232e-06
	12.750000	3.325513e-06
	13.000000	3.576056e-06
	13.250000	5.730196e-06
	13.500000	0.000000e+00
	13.750000	1.180870e-05

#################################################################################################################################################

Energy 15 			# in MeV 
Multiplicity PromptGamma 0.530986
Differential_cross_section PromptGamma 59 	 # Secondary particule & Nbr of rows (Energies) 
# 	Energy(MeV)	Int.(b/MeV)
	0.250000	1.455861e-06
	0.500000	7.278984e-06
	0.750000	9.381545e-05
	1.000000	9.143495e-05
	1.250000	1.186771e-08
	1.500000	1.958303e-08
	1.750000	2.443423e-02
	2.000000	8.144843e-03
	2.250000	5.813316e-08
	2.500000	1.173014e-07
	2.750000	1.476184e-01
	3.000000	1.205392e-07
	3.250000	1.977866e-07
	3.500000	1.749594e-07
	3.750000	9.910571e-02
	4.000000	2.413412e-07
	4.250000	2.738633e-07
	4.500000	2.189355e-02
	4.750000	3.792139e-07
	5.000000	3.908111e-07
	5.250000	4.333312e-07
	5.500000	4.774801e-07
	5.750000	5.232082e-07
	6.000000	5.704717e-07
	6.250000	3.072383e-01
	6.500000	6.811770e-07
	6.750000	7.406072e-07
	7.000000	4.778817e-01
	7.250000	8.299037e-07
	7.500000	1.048681e-06
	7.750000	9.454899e-07
	8.000000	1.006271e-06
	8.250000	1.069292e-06
	8.500000	1.134769e-06
	8.750000	1.396360e-02
	9.000000	1.274216e-06
	9.250000	1.348836e-06
	9.500000	1.427251e-06
	9.750000	1.509911e-06
	10.000000	1.597359e-06
	10.250000	1.690191e-06
	10.500000	1.789095e-06
	10.750000	1.894884e-06
	11.000000	2.008456e-06
	11.250000	2.130871e-06
	11.500000	2.263345e-06
	11.750000	2.407268e-06
	12.000000	2.564268e-06
	12.250000	2.736203e-06
	12.500000	2.925230e-06
	12.750000	3.133785e-06
	13.000000	3.364573e-06
	13.250000	3.620645e-06
	13.500000	4.009692e-06
	13.750000	4.221027e-06
	14.000000	4.570839e-06
	14.250000	7.278103e-06
	14.500000	0.000000e+00
	14.750000	1.423575e-05

#################################################################################################################################################

Energy 16 			# in MeV 
Multiplicity PromptGamma 0.521132
Differential_cross_section PromptGamma 63 	 # Secondary particule & Nbr of rows (Energies) 
# 	Energy(MeV)	Int.(b/MeV)
	0.250000	6.758043e-06
	0.500000	1.356579e-05
	0.750000	1.031389e-04
	1.000000	7.406117e-05
	1.250000	1.402356e-08
	1.500000	1.929249e-08
	1.750000	2.165169e-02
	2.000000	7.217358e-03
	2.250000	6.689853e-08
	2.500000	5.206821e-07
	2.750000	1.308080e-01
	3.000000	1.903029e-07
	3.250000	7.040611e-07
	3.500000	4.246157e-07
	3.750000	8.117113e-02
	4.000000	2.831163e-07
	4.250000	2.726586e-07
	4.500000	6.411976e-02
	4.750000	6.692311e-07
	5.000000	4.913777e-07
	5.250000	4.386493e-07
	5.500000	4.484056e-07
	5.750000	4.797914e-07
	6.000000	5.202452e-07
	6.250000	2.945611e-01
	6.500000	7.610039e-07
	6.750000	9.665857e-07
	7.000000	4.803199e-01
	7.250000	8.059288e-07
	7.500000	2.712314e-06
	7.750000	1.662688e-06
	8.000000	1.171829e-06
	8.250000	1.052434e-06
	8.500000	1.059637e-06
	8.750000	1.237353e-02
	9.000000	1.176330e-06
	9.250000	1.246392e-06
	9.500000	1.320039e-06
	9.750000	1.397697e-06
	10.000000	1.479828e-06
	10.250000	1.566982e-06
	10.500000	1.659779e-06
	10.750000	1.758921e-06
	11.000000	1.865227e-06
	11.250000	1.979615e-06
	11.500000	2.103162e-06
	11.750000	2.237098e-06
	12.000000	2.382823e-06
	12.250000	2.541975e-06
	12.500000	2.716414e-06
	12.750000	2.908268e-06
	13.000000	3.119837e-06
	13.250000	3.353776e-06
	13.500000	4.934672e-06
	13.750000	4.476408e-06
	14.000000	4.452673e-06
	14.250000	4.647335e-06
	14.500000	4.958488e-06
	14.750000	5.336888e-06
	15.000000	5.752979e-06
	15.250000	9.004986e-06
	15.500000	0.000000e+00
	15.750000	1.625206e-05

#################################################################################################################################################

Energy 17 			# in MeV 
Multiplicity PromptGamma 0.519494
Differential_cross_section PromptGamma 66 	 # Secondary particule & Nbr of rows (Energies) 
# 	Energy(MeV)	Int.(b/MeV)
	0.250000	1.490721e-05
	0.500000	2.487330e-05
	0.750000	1.122670e-04
	1.000000	6.652179e-05
	1.250000	8.730525e-07
	1.500000	4.819313e-07
	1.750000	1.889824e-02
	2.000000	6.299510e-03
	2.250000	8.942953e-08
	2.500000	1.016884e-06
	2.750000	1.141723e-01
	3.000000	3.825395e-07
	3.250000	1.389835e-06
	3.500000	9.154748e-07
	3.750000	6.868343e-02
	4.000000	3.961340e-07
	4.250000	3.179658e-07
	4.500000	1.320657e-01
	4.750000	7.199032e-07
	5.000000	4.896152e-07
	5.250000	4.321297e-07
	5.500000	4.318113e-07
	5.750000	4.508139e-07
	6.000000	4.800426e-07
	6.250000	2.778703e-01
	6.500000	1.555222e-06
	6.750000	1.046036e-06
	7.000000	4.689479e-01
	7.250000	5.022297e-06
	7.500000	3.120278e-06
	7.750000	1.710606e-06
	8.000000	1.229564e-06
	8.250000	1.086054e-06
	8.500000	1.049358e-06
	8.750000	1.079989e-02
	9.000000	1.098690e-06
	9.250000	1.144231e-06
	9.500000	1.206112e-06
	9.750000	1.277771e-06
	10.000000	1.354070e-06
	10.250000	1.435035e-06
	10.500000	1.521200e-06
	10.750000	1.613194e-06
	11.000000	1.711751e-06
	11.250000	1.817685e-06
	11.500000	1.931948e-06
	11.750000	2.055601e-06
	12.000000	2.189894e-06
	12.250000	2.336257e-06
	12.500000	2.496313e-06
	12.750000	2.671907e-06
	13.000000	2.865080e-06
	13.250000	3.078056e-06
	13.500000	6.602215e-06
	13.750000	5.253968e-06
	14.000000	4.679882e-06
	14.250000	4.614544e-06
	14.500000	4.774758e-06
	14.750000	5.031602e-06
	15.000000	5.338823e-06
	15.250000	5.667018e-06
	15.500000	5.989997e-06
	15.750000	6.324204e-06
	16.000000	1.050884e-05
	16.250000	0.000000e+00
	16.500000	1.699359e-05

#################################################################################################################################################

Energy 18 			# in MeV 
Multiplicity PromptGamma 0.526264
Differential_cross_section PromptGamma 70 	 # Secondary particule & Nbr of rows (Energies) 
# 	Energy(MeV)	Int.(b/MeV)
	0.250000	2.059180e-05
	0.500000	3.550320e-05
	0.750000	1.151913e-04
	1.000000	6.467535e-05
	1.250000	2.341729e-06
	1.500000	1.553413e-06
	1.750000	1.678751e-02
	2.000000	5.596060e-03
	2.250000	1.126503e-06
	2.500000	1.042811e-06
	2.750000	1.014152e-01
	3.000000	1.662064e-06
	3.250000	1.337185e-06
	3.500000	8.730626e-07
	3.750000	5.999435e-02
	4.000000	4.371420e-07
	4.250000	3.592442e-07
	4.500000	2.169804e-01
	4.750000	1.005668e-06
	5.000000	6.414205e-07
	5.250000	1.327802e-05
	5.500000	4.759065e-07
	5.750000	4.702801e-07
	6.000000	4.800460e-07
	6.250000	2.696830e-01
	6.500000	1.710779e-06
	6.750000	1.177504e-06
	7.000000	4.375327e-01
	7.250000	6.043807e-06
	7.500000	4.499126e-06
	7.750000	2.541055e-06
	8.000000	1.673194e-06
	8.250000	1.330117e-06
	8.500000	1.187815e-06
	8.750000	9.593436e-03
	9.000000	1.126718e-06
	9.250000	1.145985e-06
	9.500000	1.182239e-06
	9.750000	1.233291e-06
	10.000000	1.293401e-06
	10.250000	1.357583e-06
	10.500000	1.434783e-06
	10.750000	1.521960e-06
	11.000000	1.615759e-06
	11.250000	1.716500e-06
	11.500000	1.825055e-06
	11.750000	1.942416e-06
	12.000000	2.069716e-06
	12.250000	2.208258e-06
	12.500000	2.359520e-06
	12.750000	2.525177e-06
	13.000000	2.707103e-06
	13.250000	2.907293e-06
	13.500000	7.534152e-06
	13.750000	6.132130e-06
	14.000000	5.230673e-06
	14.250000	4.935767e-06
	14.500000	4.923134e-06
	14.750000	5.047122e-06
	15.000000	5.247303e-06
	15.250000	5.501261e-06
	15.500000	5.770396e-06
	15.750000	6.040229e-06
	16.000000	6.299609e-06
	16.250000	6.556613e-06
	16.500000	6.819626e-06
	16.750000	7.130072e-06
	17.000000	1.239090e-05
	17.250000	0.000000e+00
	17.500000	1.913590e-05

#################################################################################################################################################

Energy 19 			# in MeV 
Multiplicity PromptGamma 0.520595
Differential_cross_section PromptGamma 74 	 # Secondary particule & Nbr of rows (Energies) 
# 	Energy(MeV)	Int.(b/MeV)
	0.250000	1.929806e-05
	0.500000	3.622609e-05
	0.750000	7.585052e-05
	1.000000	7.037078e-05
	1.250000	3.132323e-06
	1.500000	2.164733e-06
	1.750000	1.555526e-02
	2.000000	5.184933e-03
	2.250000	1.254092e-07
	2.500000	9.906456e-07
	2.750000	9.397079e-02
	3.000000	4.192117e-07
	3.250000	1.421884e-06
	3.500000	8.642406e-07
	3.750000	5.388570e-02
	4.000000	5.260874e-07
	4.250000	4.355722e-07
	4.500000	2.965818e-01
	4.750000	1.129734e-06
	5.000000	7.426970e-07
	5.250000	1.132060e-04
	5.500000	5.411161e-07
	5.750000	5.311960e-07
	6.000000	5.346506e-07
	6.250000	3.113676e-01
	6.500000	9.002801e-07
	6.750000	1.277706e-06
	7.000000	3.239667e-01
	7.250000	9.095648e-07
	7.500000	4.694114e-06
	7.750000	2.826702e-06
	8.000000	1.872595e-06
	8.250000	1.519910e-06
	8.500000	1.378627e-06
	8.750000	8.889431e-03
	9.000000	1.283730e-06
	9.250000	1.276288e-06
	9.500000	1.284360e-06
	9.750000	1.307854e-06
	10.000000	1.349416e-06
	10.250000	1.399396e-06
	10.500000	1.461000e-06
	10.750000	1.533210e-06
	11.000000	1.616633e-06
	11.250000	1.705053e-06
	11.500000	1.809307e-06
	11.750000	1.926050e-06
	12.000000	2.052610e-06
	12.250000	2.190223e-06
	12.500000	2.340328e-06
	12.750000	2.504548e-06
	13.000000	2.684683e-06
	13.250000	2.882670e-06
	13.500000	6.152097e-06
	13.750000	5.152267e-06
	14.000000	4.786182e-06
	14.250000	4.791205e-06
	14.500000	4.953478e-06
	14.750000	5.171219e-06
	15.000000	5.416876e-06
	15.250000	5.655040e-06
	15.500000	5.885963e-06
	15.750000	6.101179e-06
	16.000000	6.323000e-06
	16.250000	6.543794e-06
	16.500000	6.782902e-06
	16.750000	7.055780e-06
	17.000000	7.408573e-06
	17.250000	7.827296e-06
	17.500000	8.335563e-06
	17.750000	8.936011e-06
	18.000000	1.618309e-05
	18.250000	0.000000e+00
	18.500000	2.435302e-05

#################################################################################################################################################

Energy 20 			# in MeV 
Multiplicity PromptGamma 0.522936
Differential_cross_section PromptGamma 78 	 # Secondary particule & Nbr of rows (Energies) 
# 	Energy(MeV)	Int.(b/MeV)
	0.250000	1.844633e-05
	0.500000	3.982846e-05
	0.750000	4.263028e-05
	1.000000	8.795334e-05
	1.250000	3.226479e-06
	1.500000	2.635740e-06
	1.750000	1.400083e-02
	2.000000	4.667451e-03
	2.250000	1.637525e-07
	2.500000	9.609739e-07
	2.750000	8.457478e-02
	3.000000	4.541532e-07
	3.250000	1.572892e-06
	3.500000	9.138810e-07
	3.750000	4.712582e-02
	4.000000	5.489458e-07
	4.250000	4.564317e-07
	4.500000	3.804986e-01
	4.750000	1.167730e-06
	5.000000	8.183251e-07
	5.250000	2.694532e-02
	5.500000	5.750210e-07
	5.750000	5.628767e-07
	6.000000	5.669696e-07
	6.250000	3.391297e-01
	6.500000	9.586284e-07
	6.750000	1.364506e-06
	7.000000	2.128625e-01
	7.250000	9.398947e-07
	7.500000	4.663619e-06
	7.750000	3.030167e-06
	8.000000	1.933184e-06
	8.250000	1.536040e-06
	8.500000	1.392946e-06
	8.750000	8.000739e-03
	9.000000	1.328640e-06
	9.250000	1.342331e-06
	9.500000	1.367179e-06
	9.750000	1.400894e-06
	10.000000	1.441244e-06
	10.250000	1.481217e-06
	10.500000	1.527832e-06
	10.750000	1.574964e-06
	11.000000	1.637970e-06
	11.250000	1.712007e-06
	11.500000	1.796031e-06
	11.750000	1.895814e-06
	12.000000	2.010311e-06
	12.250000	2.132476e-06
	12.500000	2.274736e-06
	12.750000	2.434469e-06
	13.000000	2.609556e-06
	13.250000	2.801873e-06
	13.500000	6.266486e-06
	13.750000	5.216882e-06
	14.000000	4.737425e-06
	14.250000	4.692246e-06
	14.500000	4.836279e-06
	14.750000	5.058423e-06
	15.000000	5.319342e-06
	15.250000	5.605087e-06
	15.500000	5.896732e-06
	15.750000	6.161117e-06
	16.000000	6.384240e-06
	16.250000	6.567719e-06
	16.500000	6.745132e-06
	16.750000	6.955255e-06
	17.000000	7.257914e-06
	17.250000	7.635720e-06
	17.500000	8.089205e-06
	17.750000	8.628908e-06
	18.000000	9.264419e-06
	18.250000	9.993920e-06
	18.500000	1.084565e-05
	18.750000	1.182500e-05
	19.000000	2.167567e-05
	19.250000	0.000000e+00
	19.500000	3.203275e-05

#################################################################################################################################################

Energy 23 			# in MeV 
Multiplicity PromptGamma 0.559655
Differential_cross_section PromptGamma 44 	 # Secondary particule & Nbr of rows (Energies) 
# 	Energy(MeV)	Int.(b/MeV)
	0.500000	3.338201e-05
	1.000000	4.317031e-05
	1.500000	4.405587e-04
	2.000000	6.029857e-03
	2.500000	2.590469e-02
	3.000000	4.474392e-05
	3.500000	1.157032e-06
	4.000000	1.472928e-02
	4.500000	2.901038e-01
	5.000000	4.487918e-02
	5.500000	5.134874e-03
	6.000000	1.353725e-01
	6.500000	4.407594e-04
	7.000000	7.513903e-02
	7.500000	5.835603e-05
	8.000000	1.560274e-06
	8.500000	2.022476e-06
	9.000000	2.453065e-03
	9.500000	1.395894e-06
	10.000000	1.487818e-06
	10.500000	1.613304e-06
	11.000000	1.797053e-06
	11.500000	1.991409e-06
	12.000000	2.211184e-06
	12.500000	2.433012e-06
	13.000000	2.694937e-06
	13.500000	4.971175e-06
	14.000000	4.171092e-06
	14.500000	4.405058e-06
	15.000000	4.887476e-06
	15.500000	5.463511e-06
	16.000000	5.958972e-06
	16.500000	6.400368e-06
	17.000000	6.950347e-06
	17.500000	7.745412e-06
	18.000000	8.831573e-06
	18.500000	1.025560e-05
	19.000000	1.206866e-05
	19.500000	1.430077e-05
	20.000000	1.715647e-05
	20.500000	2.077062e-05
	21.000000	2.527371e-05
	21.500000	2.966112e-05
	22.000000	3.951701e-05

#################################################################################################################################################

Energy 27 			# in MeV 
Multiplicity PromptGamma 0.579446
Differential_cross_section PromptGamma 52 	 # Secondary particule & Nbr of rows (Energies) 
# 	Energy(MeV)	Int.(b/MeV)
	0.500000	3.630771e-05
	1.000000	5.153189e-05
	1.500000	3.468814e-03
	2.000000	1.167252e-02
	2.500000	2.075568e-02
	3.000000	2.205618e-04
	3.500000	3.615358e-04
	4.000000	1.042292e-02
	4.500000	2.649881e-01
	5.000000	7.272255e-02
	5.500000	2.453425e-02
	6.000000	1.295201e-01
	6.500000	4.940747e-03
	7.000000	5.582415e-02
	7.500000	2.710940e-03
	8.000000	1.793488e-06
	8.500000	5.665415e-04
	9.000000	2.147864e-03
	9.500000	1.376483e-06
	10.000000	2.241804e-04
	10.500000	1.646014e-06
	11.000000	4.226059e-06
	11.500000	1.969689e-06
	12.000000	2.351966e-06
	12.500000	2.456354e-06
	13.000000	2.728591e-06
	13.500000	3.070779e-06
	14.000000	4.399207e-06
	14.500000	4.473347e-06
	15.000000	4.923133e-06
	15.500000	5.430613e-06
	16.000000	5.882124e-06
	16.500000	6.237234e-06
	17.000000	6.667605e-06
	17.500000	7.323399e-06
	18.000000	8.272305e-06
	18.500000	9.565389e-06
	19.000000	1.125550e-05
	19.500000	1.340523e-05
	20.000000	1.608950e-05
	20.500000	1.940605e-05
	21.000000	2.344597e-05
	21.500000	2.821573e-05
	22.000000	3.351778e-05
	22.500000	3.882700e-05
	23.000000	4.329365e-05
	23.500000	4.599218e-05
	24.000000	4.637288e-05
	24.500000	4.448543e-05
	25.000000	4.096069e-05
	25.500000	3.401084e-05
	26.000000	2.445463e-05

#################################################################################################################################################

Energy 30 			# in MeV 
Multiplicity PromptGamma 0.573925
Differential_cross_section PromptGamma 58 	 # Secondary particule & Nbr of rows (Energies) 
# 	Energy(MeV)	Int.(b/MeV)
	0.500000	5.410624e-05
	1.000000	9.230433e-05
	1.500000	6.041427e-03
	2.000000	1.643278e-02
	2.500000	1.989236e-02
	3.000000	1.033412e-03
	3.500000	1.229758e-03
	4.000000	8.589633e-03
	4.500000	2.146838e-01
	5.000000	8.232874e-02
	5.500000	3.521265e-02
	6.000000	1.197643e-01
	6.500000	7.176630e-03
	7.000000	5.063976e-02
	7.500000	4.620503e-03
	8.000000	1.207787e-06
	8.500000	1.419750e-03
	9.000000	2.996193e-03
	9.500000	1.248264e-06
	10.000000	1.719660e-03
	10.500000	1.786377e-06
	11.000000	7.515176e-05
	11.500000	1.857102e-06
	12.000000	2.053058e-06
	12.500000	2.465734e-06
	13.000000	2.612527e-06
	13.500000	3.951150e-06
	14.000000	3.765059e-06
	14.500000	4.107822e-06
	15.000000	4.574131e-06
	15.500000	5.065492e-06
	16.000000	5.470373e-06
	16.500000	5.826124e-06
	17.000000	6.267206e-06
	17.500000	6.925009e-06
	18.000000	7.837426e-06
	18.500000	9.047327e-06
	19.000000	1.058968e-05
	19.500000	1.252229e-05
	20.000000	1.493479e-05
	20.500000	1.791744e-05
	21.000000	2.156864e-05
	21.500000	2.589077e-05
	22.000000	3.068124e-05
	22.500000	3.546614e-05
	23.000000	3.947301e-05
	23.500000	4.184190e-05
	24.000000	4.203411e-05
	24.500000	4.012004e-05
	25.000000	3.669412e-05
	25.500000	3.255682e-05
	26.000000	2.837140e-05
	26.500000	2.452152e-05
	27.000000	2.117054e-05
	27.500000	1.834120e-05
	28.000000	1.598630e-05
	28.500000	1.392431e-05
	29.000000	8.812335e-06

#################################################################################################################################################

Energy 35 			# in MeV 
Multiplicity PromptGamma 0.568728
Differential_cross_section PromptGamma 67 	 # Secondary particule & Nbr of rows (Energies) 
# 	Energy(MeV)	Int.(b/MeV)
	0.500000	6.972838e-04
	1.000000	2.175499e-04
	1.500000	1.165979e-02
	2.000000	2.078245e-02
	2.500000	2.404333e-02
	3.000000	2.563398e-03
	3.500000	2.465433e-03
	4.000000	7.511610e-03
	4.500000	1.487811e-01
	5.000000	9.365861e-02
	5.500000	4.046323e-02
	6.000000	1.116735e-01
	6.500000	8.864555e-03
	7.000000	4.575072e-02
	7.500000	5.540276e-03
	8.000000	1.936653e-06
	8.500000	2.056298e-03
	9.000000	3.730908e-03
	9.500000	1.108905e-06
	10.000000	3.421474e-03
	10.500000	2.088787e-06
	11.000000	2.163564e-04
	11.500000	1.719292e-06
	12.000000	1.896491e-06
	12.500000	2.787564e-06
	13.000000	2.501705e-06
	13.500000	2.727724e-06
	14.000000	3.583709e-06
	14.500000	3.791757e-06
	15.000000	4.221181e-06
	15.500000	4.687992e-06
	16.000000	5.108879e-06
	16.500000	5.465644e-06
	17.000000	5.886531e-06
	17.500000	6.492425e-06
	18.000000	7.321727e-06
	18.500000	8.427536e-06
	19.000000	9.860323e-06
	19.500000	1.166759e-05
	20.000000	1.392297e-05
	20.500000	1.670314e-05
	21.000000	2.007182e-05
	21.500000	2.402072e-05
	22.000000	2.837208e-05
	22.500000	3.269656e-05
	23.000000	3.627786e-05
	23.500000	3.830509e-05
	24.000000	3.829732e-05
	24.500000	3.635922e-05
	25.000000	3.307230e-05
	25.500000	2.919929e-05
	26.000000	2.531598e-05
	26.500000	2.176061e-05
	27.000000	1.867230e-05
	27.500000	1.606350e-05
	28.000000	1.389147e-05
	28.500000	1.209308e-05
	29.000000	1.060423e-05
	29.500000	9.368009e-06
	30.000000	8.336492e-06
	30.500000	7.470096e-06
	31.000000	6.738662e-06
	31.500000	6.119147e-06
	32.000000	5.590945e-06
	32.500000	5.138156e-06
	33.000000	4.573183e-06
	33.500000	2.615021e-06

#################################################################################################################################################

Energy 40 			# in MeV 
Multiplicity PromptGamma 0.552434
Differential_cross_section PromptGamma 76 	 # Secondary particule & Nbr of rows (Energies) 
# 	Energy(MeV)	Int.(b/MeV)
	0.500000	2.195240e-03
	1.000000	8.146582e-04
	1.500000	1.551944e-02
	2.000000	2.327116e-02
	2.500000	2.935471e-02
	3.000000	4.300714e-03
	3.500000	3.525099e-03
	4.000000	6.966507e-03
	4.500000	1.124885e-01
	5.000000	9.199516e-02
	5.500000	3.848633e-02
	6.000000	9.745743e-02
	6.500000	1.056788e-02
	7.000000	4.035561e-02
	7.500000	5.994369e-03
	8.000000	5.908000e-04
	8.500000	2.128281e-03
	9.000000	3.691362e-03
	9.500000	1.058349e-06
	10.000000	3.899842e-03
	10.500000	2.158372e-06
	11.000000	2.722782e-04
	11.500000	1.576690e-06
	12.000000	1.756451e-06
	12.500000	2.370764e-06
	13.000000	2.287323e-06
	13.500000	3.202556e-06
	14.000000	3.130103e-06
	14.500000	3.448317e-06
	15.000000	3.874752e-06
	15.500000	4.333781e-06
	16.000000	4.740794e-06
	16.500000	5.104772e-06
	17.000000	5.533167e-06
	17.500000	6.128172e-06
	18.000000	6.924142e-06
	18.500000	7.969767e-06
	19.000000	9.312969e-06
	19.500000	1.101139e-05
	20.000000	1.313424e-05
	20.500000	1.574911e-05
	21.000000	1.891498e-05
	21.500000	2.261471e-05
	22.000000	2.666833e-05
	22.500000	3.066579e-05
	23.000000	3.394913e-05
	23.500000	3.579110e-05
	24.000000	3.574223e-05
	24.500000	3.388737e-05
	25.000000	3.078361e-05
	25.500000	2.711729e-05
	26.000000	2.344300e-05
	26.500000	2.008976e-05
	27.000000	1.718267e-05
	27.500000	1.473352e-05
	28.000000	1.269774e-05
	28.500000	1.101119e-05
	29.000000	9.616300e-06
	29.500000	8.458138e-06
	30.000000	7.493871e-06
	30.500000	6.686268e-06
	31.000000	6.005019e-06
	31.500000	5.426186e-06
	32.000000	4.931043e-06
	32.500000	4.504931e-06
	33.000000	4.136264e-06
	33.500000	3.815643e-06
	34.000000	3.535429e-06
	34.500000	3.289346e-06
	35.000000	3.072358e-06
	35.500000	2.880200e-06
	36.000000	2.709745e-06
	36.500000	2.558116e-06
	37.000000	2.422794e-06
	37.500000	2.200024e-06
	38.000000	1.164226e-06

#################################################################################################################################################

Energy 50 			# in MeV 
Multiplicity PromptGamma 0.562326
Differential_cross_section PromptGamma 95 	 # Secondary particule & Nbr of rows (Energies) 
# 	Energy(MeV)	Int.(b/MeV)
	0.500000	4.714613e-03
	1.000000	1.737096e-03
	1.500000	1.863015e-02
	2.000000	2.593880e-02
	2.500000	3.399316e-02
	3.000000	6.430520e-03
	3.500000	5.863516e-03
	4.000000	7.370439e-03
	4.500000	7.423006e-02
	5.000000	8.936000e-02
	5.500000	3.124152e-02
	6.000000	8.264275e-02
	6.500000	1.385134e-02
	7.000000	3.416911e-02
	7.500000	6.363388e-03
	8.000000	1.571808e-03
	8.500000	1.988527e-03
	9.000000	3.207246e-03
	9.500000	1.143089e-06
	10.000000	3.429120e-03
	10.500000	1.924225e-06
	11.000000	2.521134e-04
	11.500000	1.363350e-06
	12.000000	1.510410e-06
	12.500000	1.993893e-06
	13.000000	1.861065e-06
	13.500000	2.525588e-06
	14.000000	2.499859e-06
	14.500000	2.753786e-06
	15.000000	3.105239e-06
	15.500000	3.490968e-06
	16.000000	3.857349e-06
	16.500000	4.198993e-06
	17.000000	4.592207e-06
	17.500000	5.120131e-06
	18.000000	5.807455e-06
	18.500000	6.697543e-06
	19.000000	7.835515e-06
	19.500000	9.272671e-06
	20.000000	1.107542e-05
	20.500000	1.330466e-05
	21.000000	1.600384e-05
	21.500000	1.916730e-05
	22.000000	2.264940e-05
	22.500000	2.610463e-05
	23.000000	2.896929e-05
	23.500000	3.061562e-05
	24.000000	3.064335e-05
	24.500000	2.911271e-05
	25.000000	2.648052e-05
	25.500000	2.334099e-05
	26.000000	2.017895e-05
	26.500000	1.728064e-05
	27.000000	1.476268e-05
	27.500000	1.263712e-05
	28.000000	1.086927e-05
	28.500000	9.406546e-06
	29.000000	8.195875e-06
	29.500000	7.190561e-06
	30.000000	6.351457e-06
	30.500000	5.646927e-06
	31.000000	5.051784e-06
	31.500000	4.545553e-06
	32.000000	4.112449e-06
	32.500000	3.739934e-06
	33.000000	3.417434e-06
	33.500000	3.136515e-06
	34.000000	2.890570e-06
	34.500000	2.674255e-06
	35.000000	2.483105e-06
	35.500000	2.313489e-06
	36.000000	2.162458e-06
	36.500000	2.027431e-06
	37.000000	1.906265e-06
	37.500000	1.797029e-06
	38.000000	1.698322e-06
	38.500000	1.608831e-06
	39.000000	1.527538e-06
	39.500000	1.453563e-06
	40.000000	1.386055e-06
	40.500000	1.324299e-06
	41.000000	1.267671e-06
	41.500000	1.215618e-06
	42.000000	1.167694e-06
	42.500000	1.123493e-06
	43.000000	1.082679e-06
	43.500000	1.044925e-06
	44.000000	1.009973e-06
	44.500000	9.775544e-07
	45.000000	9.474758e-07
	45.500000	9.195599e-07
	46.000000	8.936236e-07
	46.500000	8.695206e-07
	47.000000	8.317935e-07
	47.500000	4.232862e-07

#################################################################################################################################################

Energy 60 			# in MeV 
Multiplicity PromptGamma 0.548897
Differential_cross_section PromptGamma 114 	 # Secondary particule & Nbr of rows (Energies) 
# 	Energy(MeV)	Int.(b/MeV)
	0.500000	8.226705e-03
	1.000000	3.003381e-03
	1.500000	1.752829e-02
	2.000000	2.442715e-02
	2.500000	3.160607e-02
	3.000000	8.189038e-03
	3.500000	8.301766e-03
	4.000000	7.867245e-03
	4.500000	5.532958e-02
	5.000000	7.828371e-02
	5.500000	2.422233e-02
	6.000000	6.578615e-02
	6.500000	1.658403e-02
	7.000000	2.801521e-02
	7.500000	5.741069e-03
	8.000000	3.784539e-04
	8.500000	1.752690e-03
	9.000000	2.753183e-03
	9.500000	1.099230e-06
	10.000000	2.649034e-03
	10.500000	1.597187e-06
	11.000000	1.958840e-04
	11.500000	1.196491e-06
	12.000000	1.319729e-06
	12.500000	1.789841e-06
	13.000000	1.700461e-06
	13.500000	1.872435e-06
	14.000000	2.274466e-06
	14.500000	2.515092e-06
	15.000000	2.852923e-06
	15.500000	3.223857e-06
	16.000000	3.581141e-06
	16.500000	3.913030e-06
	17.000000	4.285772e-06
	17.500000	4.778232e-06
	18.000000	5.439209e-06
	18.500000	6.271010e-06
	19.000000	7.336183e-06
	19.500000	8.684029e-06
	20.000000	1.037614e-05
	20.500000	1.246671e-05
	21.000000	1.502502e-05
	21.500000	1.744539e-05
	22.000000	2.062631e-05
	22.500000	2.377611e-05
	23.000000	2.637969e-05
	23.500000	2.786736e-05
	24.000000	2.787868e-05
	24.500000	2.647327e-05
	25.000000	2.406820e-05
	25.500000	2.120751e-05
	26.000000	1.832715e-05
	26.500000	1.568892e-05
	27.000000	1.339784e-05
	27.500000	1.146135e-05
	28.000000	9.850699e-06
	28.500000	8.517876e-06
	29.000000	7.414730e-06
	29.500000	6.498701e-06
	30.000000	5.734081e-06
	30.500000	5.091941e-06
	31.000000	4.549487e-06
	31.500000	4.087628e-06
	32.000000	3.692532e-06
	32.500000	3.351979e-06
	33.000000	3.057028e-06
	33.500000	2.799771e-06
	34.000000	2.574444e-06
	34.500000	2.376240e-06
	35.000000	2.200748e-06
	35.500000	2.044867e-06
	36.000000	1.905874e-06
	36.500000	1.781521e-06
	37.000000	1.669689e-06
	37.500000	1.568872e-06
	38.000000	1.477700e-06
	38.500000	1.394987e-06
	39.000000	1.319729e-06
	39.500000	1.251070e-06
	40.000000	1.188281e-06
	40.500000	1.130717e-06
	41.000000	1.077841e-06
	41.500000	1.029176e-06
	42.000000	9.842811e-07
	42.500000	9.427964e-07
	43.000000	9.043816e-07
	43.500000	8.687407e-07
	44.000000	8.356174e-07
	44.500000	8.047890e-07
	45.000000	7.760628e-07
	45.500000	7.492581e-07
	46.000000	7.242119e-07
	46.500000	7.007731e-07
	47.000000	6.788068e-07
	47.500000	6.581956e-07
	48.000000	6.388342e-07
	48.500000	6.206373e-07
	49.000000	6.035172e-07
	49.500000	5.874006e-07
	50.000000	5.722099e-07
	50.500000	5.578797e-07
	51.000000	5.443521e-07
	51.500000	5.315717e-07
	52.000000	5.194947e-07
	52.500000	5.080734e-07
	53.000000	4.972700e-07
	53.500000	4.870469e-07
	54.000000	4.773682e-07
	54.500000	4.682061e-07
	55.000000	4.595328e-07
	55.500000	4.513225e-07
	56.000000	4.435493e-07
	56.500000	4.314803e-07
	57.000000	2.165280e-07

#################################################################################################################################################

Energy 70 			# in MeV 
Multiplicity PromptGamma 0.529003
Differential_cross_section PromptGamma 133 	 # Secondary particule & Nbr of rows (Energies) 
# 	Energy(MeV)	Int.(b/MeV)
	0.500000	1.084346e-02
	1.000000	3.505093e-03
	1.500000	1.510178e-02
	2.000000	2.155168e-02
	2.500000	2.769479e-02
	3.000000	9.055548e-03
	3.500000	9.931624e-03
	4.000000	7.749360e-03
	4.500000	4.612048e-02
	5.000000	6.881775e-02
	5.500000	1.988183e-02
	6.000000	5.418473e-02
	6.500000	1.288300e-02
	7.000000	2.461613e-02
	7.500000	5.163303e-03
	8.000000	4.187891e-04
	8.500000	1.538748e-03
	9.000000	2.336692e-03
	9.500000	8.736352e-07
	10.000000	2.124917e-03
	10.500000	1.370430e-06
	11.000000	1.544129e-04
	11.500000	1.067446e-06
	12.000000	1.440070e-06
	12.500000	1.389434e-06
	13.000000	1.508399e-06
	13.500000	1.692318e-06
	14.000000	2.063006e-06
	14.500000	2.285423e-06
	15.000000	2.603653e-06
	15.500000	2.957291e-06
	16.000000	3.304991e-06
	16.500000	3.627872e-06
	17.000000	3.983535e-06
	17.500000	4.442515e-06
	18.000000	5.066538e-06
	18.500000	5.846408e-06
	19.000000	6.850915e-06
	19.500000	8.131144e-06
	20.000000	9.742163e-06
	20.500000	1.173811e-05
	21.000000	1.419167e-05
	21.500000	1.702382e-05
	22.000000	2.013805e-05
	22.500000	2.319386e-05
	23.000000	2.567452e-05
	23.500000	2.702618e-05
	24.000000	2.693106e-05
	24.500000	2.548445e-05
	25.000000	2.310068e-05
	25.500000	2.031192e-05
	26.000000	1.752293e-05
	26.500000	1.498763e-05
	27.000000	1.278625e-05
	27.500000	1.093083e-05
	28.000000	9.383610e-06
	28.500000	8.105936e-06
	29.000000	7.050062e-06
	29.500000	6.172371e-06
	30.000000	5.438161e-06
	30.500000	4.822154e-06
	31.000000	4.248477e-06
	31.500000	3.813842e-06
	32.000000	3.441038e-06
	32.500000	3.120149e-06
	33.000000	2.842876e-06
	33.500000	2.600253e-06
	34.000000	2.387753e-06
	34.500000	2.201061e-06
	35.000000	2.035490e-06
	35.500000	1.888363e-06
	36.000000	1.757315e-06
	36.500000	1.640110e-06
	37.000000	1.534472e-06
	37.500000	1.439225e-06
	38.000000	1.353097e-06
	38.500000	1.274925e-06
	39.000000	1.203921e-06
	39.500000	1.138995e-06
	40.000000	1.079598e-06
	40.500000	1.025133e-06
	41.000000	9.750654e-07
	41.500000	9.289419e-07
	42.000000	8.863610e-07
	42.500000	8.469736e-07
	43.000000	8.104703e-07
	43.500000	7.766162e-07
	44.000000	7.450891e-07
	44.500000	7.157183e-07
	45.000000	6.883134e-07
	45.500000	6.627070e-07
	46.000000	6.387443e-07
	46.500000	6.162894e-07
	47.000000	5.952226e-07
	47.500000	5.754330e-07
	48.000000	5.568183e-07
	48.500000	5.392888e-07
	49.000000	5.227652e-07
	49.500000	5.071735e-07
	50.000000	4.924466e-07
	50.500000	4.785213e-07
	51.000000	4.653465e-07
	51.500000	4.528674e-07
	52.000000	4.410384e-07
	52.500000	4.298153e-07
	53.000000	4.191595e-07
	53.500000	4.090322e-07
	54.000000	3.994034e-07
	54.500000	3.902432e-07
	55.000000	3.815234e-07
	55.500000	3.732157e-07
	56.000000	3.652974e-07
	56.500000	3.577456e-07
	57.000000	3.505371e-07
	57.500000	3.436564e-07
	58.000000	3.370857e-07
	58.500000	3.308092e-07
	59.000000	3.248110e-07
	59.500000	3.190753e-07
	60.000000	3.135897e-07
	60.500000	3.083437e-07
	61.000000	3.033232e-07
	61.500000	2.985176e-07
	62.000000	2.939199e-07
	62.500000	2.895194e-07
	63.000000	2.853076e-07
	63.500000	2.812770e-07
	64.000000	2.774192e-07
	64.500000	2.737269e-07
	65.000000	2.701949e-07
	65.500000	2.668180e-07
	66.000000	2.614539e-07
	66.500000	1.299258e-07

#################################################################################################################################################

Energy 80 			# in MeV 
Multiplicity PromptGamma 0.507846
Differential_cross_section PromptGamma 152 	 # Secondary particule & Nbr of rows (Energies) 
# 	Energy(MeV)	Int.(b/MeV)
	0.500000	1.176656e-02
	1.000000	4.223446e-03
	1.500000	1.375100e-02
	2.000000	1.880050e-02
	2.500000	2.454574e-02
	3.000000	9.201372e-03
	3.500000	1.025426e-02
	4.000000	7.180098e-03
	4.500000	4.028404e-02
	5.000000	6.084384e-02
	5.500000	1.665457e-02
	6.000000	4.792931e-02
	6.500000	1.136275e-02
	7.000000	2.176541e-02
	7.500000	4.509679e-03
	8.000000	4.442184e-04
	8.500000	1.340969e-03
	9.000000	1.999348e-03
	9.500000	8.604630e-07
	10.000000	1.761318e-03
	10.500000	1.216244e-06
	11.000000	1.254192e-04
	11.500000	9.990581e-07
	12.000000	1.335264e-06
	12.500000	1.304414e-06
	13.000000	1.412261e-06
	13.500000	1.586939e-06
	14.000000	1.938228e-06
	14.500000	2.144918e-06
	15.000000	2.451688e-06
	15.500000	2.796335e-06
	16.000000	3.143924e-06
	16.500000	3.468194e-06
	17.000000	3.817865e-06
	17.500000	4.262274e-06
	18.000000	4.868214e-06
	18.500000	5.619343e-06
	19.000000	6.590579e-06
	19.500000	7.832104e-06
	20.000000	9.399457e-06
	20.500000	1.139157e-05
	21.000000	1.376262e-05
	21.500000	1.654238e-05
	22.000000	1.959782e-05
	22.500000	2.259255e-05
	23.000000	2.500455e-05
	23.500000	2.629130e-05
	24.000000	2.615603e-05
	24.500000	2.472527e-05
	25.000000	2.237447e-05
	25.500000	1.965855e-05
	26.000000	1.695042e-05
	26.500000	1.451262e-05
	27.000000	1.239174e-05
	27.500000	1.058543e-05
	28.000000	9.091862e-06
	28.500000	7.849939e-06
	29.000000	6.824293e-06
	29.500000	5.979363e-06
	30.000000	5.267702e-06
	30.500000	4.669041e-06
	31.000000	4.163896e-06
	31.500000	3.733968e-06
	32.000000	3.365238e-06
	32.500000	3.047422e-06
	33.000000	2.771999e-06
	33.500000	2.533327e-06
	34.000000	2.323267e-06
	34.500000	2.138576e-06
	35.000000	1.974836e-06
	35.500000	1.829200e-06
	36.000000	1.699636e-06
	36.500000	1.583351e-06
	37.000000	1.479399e-06
	37.500000	1.385197e-06
	38.000000	1.300020e-06
	38.500000	1.222863e-06
	39.000000	1.152735e-06
	39.500000	1.088579e-06
	40.000000	1.029899e-06
	40.500000	9.708134e-07
	41.000000	9.220217e-07
	41.500000	8.770802e-07
	42.000000	8.355895e-07
	42.500000	7.972145e-07
	43.000000	7.616481e-07
	43.500000	7.286759e-07
	44.000000	6.979593e-07
	44.500000	6.693440e-07
	45.000000	6.426362e-07
	45.500000	6.176755e-07
	46.000000	5.943105e-07
	46.500000	5.724048e-07
	47.000000	5.518470e-07
	47.500000	5.325260e-07
	48.000000	5.143445e-07
	48.500000	4.972171e-07
	49.000000	4.810640e-07
	49.500000	4.658106e-07
	50.000000	4.513949e-07
	50.500000	4.377533e-07
	51.000000	4.248349e-07
	51.500000	4.125890e-07
	52.000000	4.009693e-07
	52.500000	3.899362e-07
	53.000000	3.794483e-07
	53.500000	3.694738e-07
	54.000000	3.599778e-07
	54.500000	3.509332e-07
	55.000000	3.423114e-07
	55.500000	3.340855e-07
	56.000000	3.262330e-07
	56.500000	3.187351e-07
	57.000000	3.115678e-07
	57.500000	3.047136e-07
	58.000000	2.981551e-07
	58.500000	2.918763e-07
	59.000000	2.858630e-07
	59.500000	2.800993e-07
	60.000000	2.745740e-07
	60.500000	2.692728e-07
	61.000000	2.641878e-07
	61.500000	2.593047e-07
	62.000000	2.546139e-07
	62.500000	2.501075e-07
	63.000000	2.457759e-07
	63.500000	2.416113e-07
	64.000000	2.376072e-07
	64.500000	2.337525e-07
	65.000000	2.300441e-07
	65.500000	2.264740e-07
	66.000000	2.230357e-07
	66.500000	2.197247e-07
	67.000000	2.165360e-07
	67.500000	2.134634e-07
	68.000000	2.105021e-07
	68.500000	2.076488e-07
	69.000000	2.048973e-07
	69.500000	2.022459e-07
	70.000000	1.996898e-07
	70.500000	1.972261e-07
	71.000000	1.948497e-07
	71.500000	1.925591e-07
	72.000000	1.903512e-07
	72.500000	1.882244e-07
	73.000000	1.861739e-07
	73.500000	1.841964e-07
	74.000000	1.822938e-07
	74.500000	1.804594e-07
	75.000000	1.786934e-07
	75.500000	1.758052e-07
	76.000000	8.744400e-08

#################################################################################################################################################

Energy 90 			# in MeV 
Multiplicity PromptGamma 0.489387
Differential_cross_section PromptGamma 171 	 # Secondary particule & Nbr of rows (Energies) 
# 	Energy(MeV)	Int.(b/MeV)
	0.500000	1.190557e-02
	1.000000	4.422643e-03
	1.500000	1.318811e-02
	2.000000	1.735576e-02
	2.500000	2.290369e-02
	3.000000	9.294687e-03
	3.500000	1.004652e-02
	4.000000	6.649262e-03
	4.500000	3.607697e-02
	5.000000	5.652374e-02
	5.500000	1.490561e-02
	6.000000	4.265017e-02
	6.500000	1.053203e-02
	7.000000	1.962743e-02
	7.500000	4.126907e-03
	8.000000	1.584239e-03
	8.500000	1.219708e-03
	9.000000	1.763882e-03
	9.500000	8.801027e-07
	10.000000	1.551960e-03
	10.500000	1.137964e-06
	11.000000	1.085461e-04
	11.500000	9.760423e-07
	12.000000	1.088517e-06
	12.500000	1.288723e-06
	13.000000	1.380579e-06
	13.500000	1.680121e-06
	14.000000	1.830507e-06
	14.500000	2.090169e-06
	15.000000	2.408962e-06
	15.500000	2.766530e-06
	16.000000	3.125519e-06
	16.500000	3.464446e-06
	17.000000	3.827884e-06
	17.500000	4.329231e-06
	18.000000	4.916703e-06
	18.500000	5.684482e-06
	19.000000	6.676977e-06
	19.500000	7.944728e-06
	20.000000	9.546883e-06
	20.500000	1.159562e-05
	21.000000	1.402456e-05
	21.500000	1.688059e-05
	22.000000	2.001885e-05
	22.500000	2.307433e-05
	23.000000	2.550272e-05
	23.500000	2.675291e-05
	24.000000	2.653427e-05
	24.500000	2.500320e-05
	25.000000	2.257718e-05
	25.500000	1.980731e-05
	26.000000	1.706212e-05
	26.500000	1.458263e-05
	27.000000	1.249647e-05
	27.500000	1.066431e-05
	28.000000	9.159646e-06
	28.500000	7.903690e-06
	29.000000	6.867410e-06
	29.500000	6.020616e-06
	30.000000	5.301073e-06
	30.500000	4.695581e-06
	31.000000	4.185009e-06
	31.500000	3.750022e-06
	32.000000	3.377316e-06
	32.500000	3.056349e-06
	33.000000	2.777987e-06
	33.500000	2.537011e-06
	34.000000	2.324995e-06
	34.500000	2.138450e-06
	35.000000	1.973073e-06
	35.500000	1.825910e-06
	36.000000	1.695125e-06
	36.500000	1.577705e-06
	37.000000	1.472884e-06
	37.500000	1.377812e-06
	38.000000	1.291848e-06
	38.500000	1.214094e-06
	39.000000	1.143368e-06
	39.500000	1.078664e-06
	40.000000	1.019482e-06
	40.500000	9.652419e-07
	41.000000	9.154088e-07
	41.500000	8.695684e-07
	42.000000	8.272213e-07
	42.500000	7.880556e-07
	43.000000	7.517724e-07
	43.500000	7.181709e-07
	44.000000	6.868696e-07
	44.500000	6.577355e-07
	45.000000	6.305394e-07
	45.500000	6.051349e-07
	46.000000	5.813817e-07
	46.500000	5.591114e-07
	47.000000	5.382142e-07
	47.500000	5.185840e-07
	48.000000	5.001217e-07
	48.500000	4.827311e-07
	49.000000	4.663354e-07
	49.500000	4.508562e-07
	50.000000	4.353711e-07
	50.500000	4.216319e-07
	51.000000	4.086185e-07
	51.500000	3.962852e-07
	52.000000	3.845756e-07
	52.500000	3.734574e-07
	53.000000	3.628846e-07
	53.500000	3.528263e-07
	54.000000	3.432471e-07
	54.500000	3.341186e-07
	55.000000	3.254159e-07
	55.500000	3.171079e-07
	56.000000	3.091725e-07
	56.500000	3.015903e-07
	57.000000	2.943393e-07
	57.500000	2.874017e-07
	58.000000	2.807582e-07
	58.500000	2.743942e-07
	59.000000	2.682933e-07
	59.500000	2.624422e-07
	60.000000	2.568277e-07
	60.500000	2.514379e-07
	61.000000	2.462609e-07
	61.500000	2.412850e-07
	62.000000	2.365012e-07
	62.500000	2.319008e-07
	63.000000	2.274748e-07
	63.500000	2.232129e-07
	64.000000	2.191077e-07
	64.500000	2.151533e-07
	65.000000	2.113437e-07
	65.500000	2.076687e-07
	66.000000	2.041252e-07
	66.500000	2.007059e-07
	67.000000	1.974079e-07
	67.500000	1.942236e-07
	68.000000	1.911473e-07
	68.500000	1.881759e-07
	69.000000	1.853066e-07
	69.500000	1.825318e-07
	70.000000	1.798502e-07
	70.500000	1.772573e-07
	71.000000	1.747486e-07
	71.500000	1.723228e-07
	72.000000	1.699767e-07
	72.500000	1.677046e-07
	73.000000	1.655049e-07
	73.500000	1.633762e-07
	74.000000	1.613154e-07
	74.500000	1.593197e-07
	75.000000	1.573861e-07
	75.500000	1.555131e-07
	76.000000	1.537007e-07
	76.500000	1.519431e-07
	77.000000	1.502401e-07
	77.500000	1.485888e-07
	78.000000	1.469908e-07
	78.500000	1.454421e-07
	79.000000	1.439412e-07
	79.500000	1.424860e-07
	80.000000	1.410767e-07
	80.500000	1.397111e-07
	81.000000	1.383883e-07
	81.500000	1.371074e-07
	82.000000	1.358662e-07
	82.500000	1.346639e-07
	83.000000	1.335004e-07
	83.500000	1.323738e-07
	84.000000	1.312838e-07
	84.500000	1.302289e-07
	85.000000	1.284582e-07
	85.500000	6.392716e-08

#################################################################################################################################################

Energy 100 			# in MeV 
Multiplicity PromptGamma 0.469437
Differential_cross_section PromptGamma 189 	 # Secondary particule & Nbr of rows (Energies) 
# 	Energy(MeV)	Int.(b/MeV)
	0.500000	1.163589e-02
	1.000000	4.372430e-03
	1.500000	1.315634e-02
	2.000000	1.629645e-02
	2.500000	2.175864e-02
	3.000000	8.556051e-03
	3.500000	9.641438e-03
	4.000000	6.192638e-03
	4.500000	3.311380e-02
	5.000000	5.408000e-02
	5.500000	1.376974e-02
	6.000000	3.930122e-02
	6.500000	9.984258e-03
	7.000000	1.823853e-02
	7.500000	3.917525e-03
	8.000000	1.566243e-03
	8.500000	1.149407e-03
	9.000000	1.592333e-03
	9.500000	9.289931e-07
	10.000000	1.410463e-03
	10.500000	1.091930e-06
	11.000000	9.675310e-05
	11.500000	9.706386e-07
	12.000000	1.083347e-06
	12.500000	1.296266e-06
	13.000000	1.374067e-06
	13.500000	1.677897e-06
	14.000000	1.825462e-06
	14.500000	2.085513e-06
	15.000000	2.409894e-06
	15.500000	2.779113e-06
	16.000000	3.153296e-06
	16.500000	3.510260e-06
	17.000000	3.890451e-06
	17.500000	4.413900e-06
	18.000000	5.019887e-06
	18.500000	5.809884e-06
	19.000000	6.831490e-06
	19.500000	8.139568e-06
	20.000000	9.794071e-06
	20.500000	1.191837e-05
	21.000000	1.443764e-05
	21.500000	1.740456e-05
	22.000000	2.066942e-05
	22.500000	2.383320e-05
	23.000000	2.632803e-05
	23.500000	2.756931e-05
	24.000000	2.729437e-05
	24.500000	2.563398e-05
	25.000000	2.310220e-05
	25.500000	2.023038e-05
	26.000000	1.742338e-05
	26.500000	1.498014e-05
	27.000000	1.276390e-05
	27.500000	1.090148e-05
	28.000000	9.365345e-06
	28.500000	8.078571e-06
	29.000000	7.018331e-06
	29.500000	6.157953e-06
	30.000000	5.418608e-06
	30.500000	4.797912e-06
	31.000000	4.274687e-06
	31.500000	3.828004e-06
	32.000000	3.446892e-06
	32.500000	3.117171e-06
	33.000000	2.831843e-06
	33.500000	2.584758e-06
	34.000000	2.367049e-06
	34.500000	2.175789e-06
	35.000000	2.006195e-06
	35.500000	1.855187e-06
	36.000000	1.720658e-06
	36.500000	1.600615e-06
	37.000000	1.493008e-06
	37.500000	1.395677e-06
	38.000000	1.307548e-06
	38.500000	1.227955e-06
	39.000000	1.155292e-06
	39.500000	1.089232e-06
	40.000000	1.028627e-06
	40.500000	9.731135e-07
	41.000000	9.221182e-07
	41.500000	8.754576e-07
	42.000000	8.320957e-07
	42.500000	7.920284e-07
	43.000000	7.549183e-07
	43.500000	7.205478e-07
	44.000000	6.886075e-07
	44.500000	6.588839e-07
	45.000000	6.310914e-07
	45.500000	6.051420e-07
	46.000000	5.809034e-07
	46.500000	5.581746e-07
	47.000000	5.368360e-07
	47.500000	5.168010e-07
	48.000000	4.979497e-07
	48.500000	4.802012e-07
	49.000000	4.634746e-07
	49.500000	4.476794e-07
	50.000000	4.327486e-07
	50.500000	4.186265e-07
	51.000000	4.052545e-07
	51.500000	3.925893e-07
	52.000000	3.805627e-07
	52.500000	3.691454e-07
	53.000000	3.582913e-07
	53.500000	3.479643e-07
	54.000000	3.381308e-07
	54.500000	3.287616e-07
	55.000000	3.198301e-07
	55.500000	3.113045e-07
	56.000000	3.031607e-07
	56.500000	2.953796e-07
	57.000000	2.879372e-07
	57.500000	2.808155e-07
	58.000000	2.739963e-07
	58.500000	2.674616e-07
	59.000000	2.611959e-07
	59.500000	2.550209e-07
	60.000000	2.492711e-07
	60.500000	2.437500e-07
	61.000000	2.384435e-07
	61.500000	2.333421e-07
	62.000000	2.284330e-07
	62.500000	2.237121e-07
	63.000000	2.191641e-07
	63.500000	2.147849e-07
	64.000000	2.105646e-07
	64.500000	2.064948e-07
	65.000000	2.025714e-07
	65.500000	1.987861e-07
	66.000000	1.951333e-07
	66.500000	1.916059e-07
	67.000000	1.881984e-07
	67.500000	1.849080e-07
	68.000000	1.817278e-07
	68.500000	1.786521e-07
	69.000000	1.756782e-07
	69.500000	1.728019e-07
	70.000000	1.700176e-07
	70.500000	1.673240e-07
	71.000000	1.647154e-07
	71.500000	1.621905e-07
	72.000000	1.597422e-07
	72.500000	1.573706e-07
	73.000000	1.550743e-07
	73.500000	1.528463e-07
	74.000000	1.506867e-07
	74.500000	1.485926e-07
	75.000000	1.465612e-07
	75.500000	1.445897e-07
	76.000000	1.426769e-07
	76.500000	1.408197e-07
	77.000000	1.390178e-07
	77.500000	1.372673e-07
	78.000000	1.355684e-07
	78.500000	1.339173e-07
	79.000000	1.323131e-07
	79.500000	1.307558e-07
	80.000000	1.292422e-07
	80.500000	1.277705e-07
	81.000000	1.263404e-07
	81.500000	1.249504e-07
	82.000000	1.235991e-07
	82.500000	1.222846e-07
	83.000000	1.210071e-07
	83.500000	1.197643e-07
	84.000000	1.185564e-07
	84.500000	1.173814e-07
	85.000000	1.162383e-07
	85.500000	1.151269e-07
	86.000000	1.140454e-07
	86.500000	1.129929e-07
	87.000000	1.119703e-07
	87.500000	1.109745e-07
	88.000000	1.100066e-07
	88.500000	1.090655e-07
	89.000000	1.081494e-07
	89.500000	1.072592e-07
	90.000000	1.063929e-07
	90.500000	1.055504e-07
	91.000000	1.047318e-07
	91.500000	1.039363e-07
	92.000000	1.031635e-07
	92.500000	1.024117e-07
	93.000000	1.016818e-07
	93.500000	1.009727e-07
	94.000000	9.912441e-08
	94.500000	1.028788e-07

#################################################################################################################################################

Energy 110 			# in MeV 
Multiplicity PromptGamma 0.447204
Differential_cross_section PromptGamma 104 	 # Secondary particule & Nbr of rows (Energies) 
# 	Energy(MeV)	Int.(b/MeV)
	1.000000	1.126498e-02
	2.000000	2.241556e-02
	3.000000	6.987654e-03
	4.000000	2.114067e-02
	5.000000	3.210058e-02
	6.000000	2.365374e-02
	7.000000	9.162576e-03
	8.000000	2.043512e-03
	9.000000	1.016195e-03
	10.000000	6.751099e-04
	11.000000	4.624400e-05
	12.000000	1.077319e-06
	13.000000	1.385071e-06
	14.000000	1.835101e-06
	15.000000	2.454377e-06
	16.000000	3.232546e-06
	17.000000	4.018741e-06
	18.000000	5.206778e-06
	19.000000	7.102070e-06
	20.000000	1.020552e-05
	21.000000	1.508971e-05
	22.000000	2.163994e-05
	23.000000	2.753908e-05
	24.000000	2.839760e-05
	25.000000	2.395441e-05
	26.000000	1.802011e-05
	27.000000	1.322354e-05
	28.000000	9.696794e-06
	29.000000	7.263912e-06
	30.000000	5.609995e-06
	31.000000	4.421535e-06
	32.000000	3.563476e-06
	33.000000	2.925017e-06
	34.000000	2.441632e-06
	35.000000	2.067143e-06
	36.000000	1.770930e-06
	37.000000	1.534116e-06
	38.000000	1.341577e-06
	39.000000	1.183518e-06
	40.000000	1.052129e-06
	41.000000	9.416868e-07
	42.000000	8.487340e-07
	43.000000	7.687701e-07
	44.000000	7.002219e-07
	45.000000	6.407876e-07
	46.000000	5.889511e-07
	47.000000	5.434893e-07
	48.000000	5.033725e-07
	49.000000	4.678470e-07
	50.000000	4.362004e-07
	51.000000	4.079025e-07
	52.000000	3.825091e-07
	53.000000	3.596116e-07
	54.000000	3.388916e-07
	55.000000	3.200870e-07
	56.000000	3.029576e-07
	57.000000	2.873101e-07
	58.000000	2.729781e-07
	59.000000	2.598173e-07
	60.000000	2.476997e-07
	61.000000	2.365193e-07
	62.000000	2.261811e-07
	63.000000	2.166030e-07
	64.000000	2.077124e-07
	65.000000	1.994432e-07
	66.000000	1.917450e-07
	67.000000	1.845611e-07
	68.000000	1.778519e-07
	69.000000	1.715392e-07
	70.000000	1.656681e-07
	71.000000	1.601619e-07
	72.000000	1.549914e-07
	73.000000	1.501317e-07
	74.000000	1.455575e-07
	75.000000	1.412503e-07
	76.000000	1.371891e-07
	77.000000	1.333565e-07
	78.000000	1.297388e-07
	79.000000	1.263195e-07
	80.000000	1.230853e-07
	81.000000	1.200242e-07
	82.000000	1.171251e-07
	83.000000	1.143783e-07
	84.000000	1.117738e-07
	85.000000	1.093016e-07
	86.000000	1.069558e-07
	87.000000	1.047274e-07
	88.000000	1.026103e-07
	89.000000	1.005987e-07
	90.000000	9.868511e-08
	91.000000	9.686522e-08
	92.000000	9.513376e-08
	93.000000	9.348625e-08
	94.000000	9.191833e-08
	95.000000	9.042590e-08
	96.000000	8.900565e-08
	97.000000	8.765388e-08
	98.000000	8.636756e-08
	99.000000	8.514401e-08
	100.000000	8.398038e-08
	101.000000	8.287437e-08
	102.000000	8.182362e-08
	103.000000	8.082629e-08
	104.000000	6.258699e-08

#################################################################################################################################################

Energy 120 			# in MeV 
Multiplicity PromptGamma 0.438121
Differential_cross_section PromptGamma 113 	 # Secondary particule & Nbr of rows (Energies) 
# 	Energy(MeV)	Int.(b/MeV)
	1.000000	1.121648e-02
	2.000000	2.218154e-02
	3.000000	6.354146e-03
	4.000000	2.037808e-02
	5.000000	3.206784e-02
	6.000000	2.258554e-02
	7.000000	1.031759e-02
	8.000000	7.160357e-04
	9.000000	9.855175e-04
	10.000000	6.508385e-04
	11.000000	4.373866e-05
	12.000000	1.095627e-06
	13.000000	1.405572e-06
	14.000000	1.876440e-06
	15.000000	2.480599e-06
	16.000000	3.282632e-06
	17.000000	4.102696e-06
	18.000000	5.350408e-06
	19.000000	7.326134e-06
	20.000000	1.054691e-05
	21.000000	1.562308e-05
	22.000000	2.243756e-05
	23.000000	2.849711e-05
	24.000000	2.927724e-05
	25.000000	2.456339e-05
	26.000000	1.845873e-05
	27.000000	1.354055e-05
	28.000000	9.933819e-06
	29.000000	7.466003e-06
	30.000000	5.766552e-06
	31.000000	4.549756e-06
	32.000000	3.666260e-06
	33.000000	3.008865e-06
	34.000000	2.510752e-06
	35.000000	2.123739e-06
	36.000000	1.817788e-06
	37.000000	1.573087e-06
	38.000000	1.374695e-06
	39.000000	1.211798e-06
	40.000000	1.075859e-06
	41.000000	9.623307e-07
	42.000000	8.661190e-07
	43.000000	7.836137e-07
	44.000000	7.130185e-07
	45.000000	6.517755e-07
	46.000000	5.983866e-07
	47.000000	5.516178e-07
	48.000000	5.103355e-07
	49.000000	4.738378e-07
	50.000000	4.413209e-07
	51.000000	4.122664e-07
	52.000000	3.862144e-07
	53.000000	3.627343e-07
	54.000000	3.415006e-07
	55.000000	3.222313e-07
	56.000000	3.046927e-07
	57.000000	2.886714e-07
	58.000000	2.739956e-07
	59.000000	2.605178e-07
	60.000000	2.481090e-07
	61.000000	2.366539e-07
	62.000000	2.260584e-07
	63.000000	2.162357e-07
	64.000000	2.071135e-07
	65.000000	1.986234e-07
	66.000000	1.907110e-07
	67.000000	1.833246e-07
	68.000000	1.764177e-07
	69.000000	1.699503e-07
	70.000000	1.638873e-07
	71.000000	1.581954e-07
	72.000000	1.528459e-07
	73.000000	1.478131e-07
	74.000000	1.430723e-07
	75.000000	1.386030e-07
	76.000000	1.343844e-07
	77.000000	1.304011e-07
	78.000000	1.266262e-07
	79.000000	1.230643e-07
	80.000000	1.196919e-07
	81.000000	1.164970e-07
	82.000000	1.134668e-07
	83.000000	1.105912e-07
	84.000000	1.078607e-07
	85.000000	1.052658e-07
	86.000000	1.027999e-07
	87.000000	1.004541e-07
	88.000000	9.822151e-08
	89.000000	9.609543e-08
	90.000000	9.407001e-08
	91.000000	9.213947e-08
	92.000000	9.029862e-08
	93.000000	8.854256e-08
	94.000000	8.686663e-08
	95.000000	8.526671e-08
	96.000000	8.373876e-08
	97.000000	8.227919e-08
	98.000000	8.088437e-08
	99.000000	7.955121e-08
	100.000000	7.827697e-08
	101.000000	7.705844e-08
	102.000000	7.589329e-08
	103.000000	7.477908e-08
	104.000000	7.371369e-08
	105.000000	7.269472e-08
	106.000000	7.172047e-08
	107.000000	7.078913e-08
	108.000000	6.989888e-08
	109.000000	6.904832e-08
	110.000000	6.823588e-08
	111.000000	6.746028e-08
	112.000000	6.672047e-08
	113.000000	1.590019e-07

#################################################################################################################################################

Energy 130 			# in MeV 
Multiplicity PromptGamma 0.428796
Differential_cross_section PromptGamma 123 	 # Secondary particule & Nbr of rows (Energies) 
# 	Energy(MeV)	Int.(b/MeV)
	1.000000	1.099688e-02
	2.000000	2.232885e-02
	3.000000	6.223250e-03
	4.000000	1.965903e-02
	5.000000	3.165609e-02
	6.000000	2.191250e-02
	7.000000	8.423475e-03
	8.000000	2.104484e-03
	9.000000	9.801844e-04
	10.000000	6.505167e-04
	11.000000	4.350584e-05
	12.000000	1.121270e-06
	13.000000	1.443140e-06
	14.000000	1.914776e-06
	15.000000	2.571334e-06
	16.000000	3.423757e-06
	17.000000	4.312939e-06
	18.000000	5.641450e-06
	19.000000	7.744906e-06
	20.000000	1.117852e-05
	21.000000	1.661483e-05
	22.000000	2.394204e-05
	23.000000	3.047169e-05
	24.000000	3.119727e-05
	25.000000	2.610295e-05
	26.000000	1.955115e-05
	27.000000	1.440648e-05
	28.000000	1.056371e-05
	29.000000	7.915155e-06
	30.000000	6.112174e-06
	31.000000	4.816223e-06
	32.000000	3.877606e-06
	33.000000	3.180128e-06
	34.000000	2.649925e-06
	35.000000	2.237742e-06
	36.000000	1.912423e-06
	37.000000	1.652540e-06
	38.000000	1.440914e-06
	39.000000	1.267300e-06
	40.000000	1.123142e-06
	41.000000	1.002075e-06
	42.000000	9.010510e-07
	43.000000	8.135267e-07
	44.000000	7.385015e-07
	45.000000	6.741751e-07
	46.000000	6.178483e-07
	47.000000	5.684281e-07
	48.000000	5.251302e-07
	49.000000	4.867707e-07
	50.000000	4.526601e-07
	51.000000	4.222394e-07
	52.000000	3.950101e-07
	53.000000	3.705144e-07
	54.000000	3.483993e-07
	55.000000	3.283664e-07
	56.000000	3.101524e-07
	57.000000	2.935373e-07
	58.000000	2.783365e-07
	59.000000	2.643917e-07
	60.000000	2.515613e-07
	61.000000	2.397303e-07
	62.000000	2.287898e-07
	63.000000	2.186525e-07
	64.000000	2.092400e-07
	65.000000	2.004802e-07
	66.000000	1.923175e-07
	67.000000	1.846937e-07
	68.000000	1.775632e-07
	69.000000	1.708855e-07
	70.000000	1.646215e-07
	71.000000	1.587357e-07
	72.000000	1.532016e-07
	73.000000	1.479900e-07
	74.000000	1.430769e-07
	75.000000	1.384422e-07
	76.000000	1.340616e-07
	77.000000	1.299227e-07
	78.000000	1.260051e-07
	79.000000	1.222940e-07
	80.000000	1.187780e-07
	81.000000	1.154425e-07
	82.000000	1.122763e-07
	83.000000	1.092686e-07
	84.000000	1.064103e-07
	85.000000	1.036914e-07
	86.000000	1.011031e-07
	87.000000	9.863983e-08
	88.000000	9.629057e-08
	89.000000	9.405312e-08
	90.000000	9.191929e-08
	91.000000	8.988310e-08
	92.000000	8.793901e-08
	93.000000	8.608219e-08
	94.000000	8.430772e-08
	95.000000	8.261130e-08
	96.000000	8.098900e-08
	97.000000	7.943680e-08
	98.000000	7.795112e-08
	99.000000	7.652854e-08
	100.000000	7.516608e-08
	101.000000	7.386065e-08
	102.000000	7.260936e-08
	103.000000	7.140994e-08
	104.000000	7.025985e-08
	105.000000	6.915657e-08
	106.000000	6.809793e-08
	107.000000	6.708243e-08
	108.000000	6.610766e-08
	109.000000	6.517185e-08
	110.000000	6.427374e-08
	111.000000	6.341156e-08
	112.000000	6.258376e-08
	113.000000	6.178901e-08
	114.000000	6.102624e-08
	115.000000	6.029396e-08
	116.000000	5.959116e-08
	117.000000	5.891694e-08
	118.000000	5.827005e-08
	119.000000	5.764984e-08
	120.000000	5.705544e-08
	121.000000	5.648584e-08
	122.000000	2.763505e-08
	123.000000	1.378375e-08

#################################################################################################################################################

Energy 140 			# in MeV 
Multiplicity PromptGamma 0.419232
Differential_cross_section PromptGamma 132 	 # Secondary particule & Nbr of rows (Energies) 
# 	Energy(MeV)	Int.(b/MeV)
	1.000000	1.100009e-02
	2.000000	2.187501e-02
	3.000000	6.271782e-03
	4.000000	1.866738e-02
	5.000000	3.098440e-02
	6.000000	2.095449e-02
	7.000000	9.723143e-03
	8.000000	8.866557e-04
	9.000000	9.392891e-04
	10.000000	6.249112e-04
	11.000000	4.125967e-05
	12.000000	1.173031e-06
	13.000000	1.516124e-06
	14.000000	1.947720e-06
	15.000000	2.670665e-06
	16.000000	3.574235e-06
	17.000000	4.534756e-06
	18.000000	5.980671e-06
	19.000000	8.251327e-06
	20.000000	1.193443e-05
	21.000000	1.776865e-05
	22.000000	2.566519e-05
	23.000000	3.260364e-05
	24.000000	3.319913e-05
	25.000000	2.762158e-05
	26.000000	2.064158e-05
	27.000000	1.516508e-05
	28.000000	1.114282e-05
	29.000000	8.356819e-06
	30.000000	6.453438e-06
	31.000000	5.087230e-06
	32.000000	4.094998e-06
	33.000000	3.355197e-06
	34.000000	2.793361e-06
	35.000000	2.355533e-06
	36.000000	2.010175e-06
	37.000000	1.734012e-06
	38.000000	1.509236e-06
	39.000000	1.325173e-06
	40.000000	1.171757e-06
	41.000000	1.043218e-06
	42.000000	9.363238e-07
	43.000000	8.435625e-07
	44.000000	7.646687e-07
	45.000000	6.962119e-07
	46.000000	6.367707e-07
	47.000000	5.848947e-07
	48.000000	5.391640e-07
	49.000000	4.989021e-07
	50.000000	4.631518e-07
	51.000000	4.313356e-07
	52.000000	4.029093e-07
	53.000000	3.773905e-07
	54.000000	3.544021e-07
	55.000000	3.336126e-07
	56.000000	3.147500e-07
	57.000000	2.975742e-07
	58.000000	2.818863e-07
	59.000000	2.675142e-07
	60.000000	2.543096e-07
	61.000000	2.421488e-07
	62.000000	2.309180e-07
	63.000000	2.205195e-07
	64.000000	2.108730e-07
	65.000000	2.019017e-07
	66.000000	1.935439e-07
	67.000000	1.857413e-07
	68.000000	1.784458e-07
	69.000000	1.716117e-07
	70.000000	1.652041e-07
	71.000000	1.591800e-07
	72.000000	1.535145e-07
	73.000000	1.481780e-07
	74.000000	1.431432e-07
	75.000000	1.383893e-07
	76.000000	1.338962e-07
	77.000000	1.296456e-07
	78.000000	1.256200e-07
	79.000000	1.218053e-07
	80.000000	1.181854e-07
	81.000000	1.147496e-07
	82.000000	1.114849e-07
	83.000000	1.083803e-07
	84.000000	1.054280e-07
	85.000000	1.026159e-07
	86.000000	9.993798e-08
	87.000000	9.738512e-08
	88.000000	9.495061e-08
	89.000000	9.262752e-08
	90.000000	9.040969e-08
	91.000000	8.829116e-08
	92.000000	8.626663e-08
	93.000000	8.433115e-08
	94.000000	8.247975e-08
	95.000000	8.070812e-08
	96.000000	7.901194e-08
	97.000000	7.738714e-08
	98.000000	7.583082e-08
	99.000000	7.433921e-08
	100.000000	7.290892e-08
	101.000000	7.153714e-08
	102.000000	7.022075e-08
	103.000000	6.895731e-08
	104.000000	6.774419e-08
	105.000000	6.657907e-08
	106.000000	6.545958e-08
	107.000000	6.438374e-08
	108.000000	6.334958e-08
	109.000000	6.235512e-08
	110.000000	6.139876e-08
	111.000000	6.047863e-08
	112.000000	5.959325e-08
	113.000000	5.874127e-08
	114.000000	5.792107e-08
	115.000000	5.713154e-08
	116.000000	5.637107e-08
	117.000000	5.563904e-08
	118.000000	5.493386e-08
	119.000000	5.425477e-08
	120.000000	5.360066e-08
	121.000000	5.297067e-08
	122.000000	5.236380e-08
	123.000000	5.177957e-08
	124.000000	5.121686e-08
	125.000000	5.067492e-08
	126.000000	5.015339e-08
	127.000000	4.965152e-08
	128.000000	4.916858e-08
	129.000000	4.870406e-08
	130.000000	4.825772e-08
	131.000000	4.782857e-08
	132.000000	7.843872e-08

#################################################################################################################################################

Energy 150 			# in MeV 
Multiplicity PromptGamma 0.409956
Differential_cross_section PromptGamma 142 	 # Secondary particule & Nbr of rows (Energies) 
# 	Energy(MeV)	Int.(b/MeV)
	1.000000	1.058962e-02
	2.000000	2.184904e-02
	3.000000	5.965813e-03
	4.000000	1.838051e-02
	5.000000	3.103801e-02
	6.000000	2.023781e-02
	7.000000	9.217140e-03
	8.000000	6.843581e-04
	9.000000	9.295907e-04
	10.000000	6.274444e-04
	11.000000	4.127555e-05
	12.000000	1.193877e-06
	13.000000	1.554790e-06
	14.000000	2.071699e-06
	15.000000	2.792810e-06
	16.000000	3.755916e-06
	17.000000	4.803508e-06
	18.000000	6.322960e-06
	19.000000	8.844001e-06
	20.000000	1.282561e-05
	21.000000	1.909014e-05
	22.000000	2.775988e-05
	23.000000	3.533271e-05
	24.000000	3.588624e-05
	25.000000	2.975497e-05
	26.000000	2.217380e-05
	27.000000	1.639325e-05
	28.000000	1.200312e-05
	29.000000	9.020749e-06
	30.000000	6.941468e-06
	31.000000	5.469689e-06
	32.000000	4.397922e-06
	33.000000	3.603148e-06
	34.000000	2.994508e-06
	35.000000	2.521488e-06
	36.000000	2.147369e-06
	37.000000	1.848655e-06
	38.000000	1.605608e-06
	39.000000	1.406050e-06
	40.000000	1.240414e-06
	41.000000	1.101484e-06
	42.000000	9.865059e-07
	43.000000	8.863205e-07
	44.000000	8.006379e-07
	45.000000	7.276017e-07
	46.000000	6.635038e-07
	47.000000	6.078535e-07
	48.000000	5.591424e-07
	49.000000	5.160441e-07
	50.000000	4.780228e-07
	51.000000	4.442052e-07
	52.000000	4.140399e-07
	53.000000	3.870540e-07
	54.000000	3.628109e-07
	55.000000	3.409444e-07
	56.000000	3.211627e-07
	57.000000	3.031926e-07
	58.000000	2.868214e-07
	59.000000	2.718639e-07
	60.000000	2.581533e-07
	61.000000	2.455541e-07
	62.000000	2.339405e-07
	63.000000	2.232085e-07
	64.000000	2.132687e-07
	65.000000	2.040388e-07
	66.000000	1.954535e-07
	67.000000	1.874463e-07
	68.000000	1.799675e-07
	69.000000	1.729677e-07
	70.000000	1.664105e-07
	71.000000	1.602475e-07
	72.000000	1.544510e-07
	73.000000	1.489956e-07
	74.000000	1.438473e-07
	75.000000	1.389856e-07
	76.000000	1.343900e-07
	77.000000	1.300399e-07
	78.000000	1.259208e-07
	79.000000	1.220133e-07
	80.000000	1.183045e-07
	81.000000	1.147825e-07
	82.000000	1.114324e-07
	83.000000	1.082466e-07
	84.000000	1.052119e-07
	85.000000	1.023215e-07
	86.000000	9.956537e-08
	87.000000	9.693655e-08
	88.000000	9.442699e-08
	89.000000	9.203014e-08
	90.000000	8.973983e-08
	91.000000	8.755003e-08
	92.000000	8.545564e-08
	93.000000	8.345136e-08
	94.000000	8.153245e-08
	95.000000	7.969458e-08
	96.000000	7.793337e-08
	97.000000	7.624520e-08
	98.000000	7.462622e-08
	99.000000	7.307315e-08
	100.000000	7.158272e-08
	101.000000	7.015179e-08
	102.000000	6.877759e-08
	103.000000	6.745732e-08
	104.000000	6.618869e-08
	105.000000	6.496903e-08
	106.000000	6.379619e-08
	107.000000	6.266786e-08
	108.000000	6.158232e-08
	109.000000	6.053755e-08
	110.000000	5.953159e-08
	111.000000	5.856276e-08
	112.000000	5.762962e-08
	113.000000	5.673057e-08
	114.000000	5.586394e-08
	115.000000	5.502862e-08
	116.000000	5.422318e-08
	117.000000	5.344629e-08
	118.000000	5.269684e-08
	119.000000	5.197400e-08
	120.000000	5.127619e-08
	121.000000	5.060282e-08
	122.000000	4.995289e-08
	123.000000	4.932535e-08
	124.000000	4.871934e-08
	125.000000	4.813437e-08
	126.000000	4.756923e-08
	127.000000	4.702356e-08
	128.000000	4.649652e-08
	129.000000	4.598750e-08
	130.000000	4.549577e-08
	131.000000	4.502097e-08
	132.000000	4.456249e-08
	133.000000	4.411963e-08
	134.000000	4.369223e-08
	135.000000	4.327960e-08
	136.000000	4.288135e-08
	137.000000	4.249701e-08
	138.000000	4.212646e-08
	139.000000	4.176909e-08
	140.000000	4.142479e-08
	141.000000	2.033277e-08
	142.000000	1.014850e-08

#################################################################################################################################################

Energy 160 			# in MeV 
Multiplicity PromptGamma 0.413614
Differential_cross_section PromptGamma 74 	 # Secondary particule & Nbr of rows (Energies) 
# 	Energy(MeV)	Int.(b/MeV)
	2.000000	1.241346e-02
	4.000000	1.157719e-02
	6.000000	2.688875e-02
	8.000000	2.889185e-03
	10.000000	5.569680e-04
	12.000000	1.246833e-06
	14.000000	2.153887e-06
	16.000000	3.936468e-06
	18.000000	6.735833e-06
	20.000000	1.369971e-05
	22.000000	2.976702e-05
	24.000000	3.840002e-05
	26.000000	2.366073e-05
	28.000000	1.280570e-05
	30.000000	7.435448e-06
	32.000000	4.724399e-06
	34.000000	3.208557e-06
	36.000000	2.294645e-06
	38.000000	1.708578e-06
	40.000000	1.313893e-06
	42.000000	1.038771e-06
	44.000000	8.387991e-07
	46.000000	6.912109e-07
	48.000000	5.792002e-07
	50.000000	4.924713e-07
	52.000000	4.244192e-07
	54.000000	3.702149e-07
	56.000000	3.264087e-07
	58.000000	2.905164e-07
	60.000000	2.607152e-07
	62.000000	2.356873e-07
	64.000000	2.144248e-07
	66.000000	1.961798e-07
	68.000000	1.803799e-07
	70.000000	1.665823e-07
	72.000000	1.544515e-07
	74.000000	1.437056e-07
	76.000000	1.341285e-07
	78.000000	1.255545e-07
	80.000000	1.178446e-07
	82.000000	1.108841e-07
	84.000000	1.045778e-07
	86.000000	9.884711e-08
	88.000000	9.362533e-08
	90.000000	8.885498e-08
	92.000000	8.448803e-08
	94.000000	8.048236e-08
	96.000000	7.680139e-08
	98.000000	7.341312e-08
	100.000000	7.028976e-08
	102.000000	6.740616e-08
	104.000000	6.474047e-08
	106.000000	6.227282e-08
	108.000000	5.998612e-08
	110.000000	5.786426e-08
	112.000000	5.589334e-08
	114.000000	5.406053e-08
	116.000000	5.235450e-08
	118.000000	5.076500e-08
	120.000000	4.928275e-08
	122.000000	4.789897e-08
	124.000000	4.660645e-08
	126.000000	4.539801e-08
	128.000000	4.426753e-08
	130.000000	4.320941e-08
	132.000000	4.221839e-08
	134.000000	4.128985e-08
	136.000000	4.041963e-08
	138.000000	3.960419e-08
	140.000000	3.883989e-08
	142.000000	3.812366e-08
	144.000000	3.745293e-08
	146.000000	3.682516e-08
	148.000000	3.623814e-08

#################################################################################################################################################

Energy 180 			# in MeV 
Multiplicity PromptGamma 0.386181
Differential_cross_section PromptGamma 84 	 # Secondary particule & Nbr of rows (Energies) 
# 	Energy(MeV)	Int.(b/MeV)
	2.000000	1.151712e-02
	4.000000	1.147360e-02
	6.000000	2.589504e-02
	8.000000	1.543782e-03
	10.000000	5.659676e-04
	12.000000	1.356234e-06
	14.000000	2.363806e-06
	16.000000	4.444364e-06
	18.000000	7.871474e-06
	20.000000	1.630003e-05
	22.000000	3.576998e-05
	24.000000	4.575912e-05
	26.000000	2.780561e-05
	28.000000	1.505166e-05
	30.000000	8.810909e-06
	32.000000	5.614881e-06
	34.000000	3.818174e-06
	36.000000	2.728281e-06
	38.000000	2.022583e-06
	40.000000	1.544492e-06
	42.000000	1.210731e-06
	44.000000	9.675256e-07
	46.000000	7.882136e-07
	48.000000	6.522644e-07
	50.000000	5.477170e-07
	52.000000	4.663473e-07
	54.000000	4.021641e-07
	56.000000	3.508815e-07
	58.000000	3.093553e-07
	60.000000	2.753230e-07
	62.000000	2.471327e-07
	64.000000	2.234890e-07
	66.000000	2.034499e-07
	68.000000	1.862919e-07
	70.000000	1.714716e-07
	72.000000	1.585425e-07
	74.000000	1.471661e-07
	76.000000	1.370896e-07
	78.000000	1.281090e-07
	80.000000	1.200581e-07
	82.000000	1.128022e-07
	84.000000	1.062339e-07
	86.000000	1.002646e-07
	88.000000	9.481973e-08
	90.000000	8.983924e-08
	92.000000	8.527080e-08
	94.000000	8.107055e-08
	96.000000	7.720092e-08
	98.000000	7.362897e-08
	100.000000	7.032644e-08
	102.000000	6.726819e-08
	104.000000	6.443229e-08
	106.000000	6.179929e-08
	108.000000	5.935154e-08
	110.000000	5.707363e-08
	112.000000	5.495147e-08
	114.000000	5.297229e-08
	116.000000	5.112490e-08
	118.000000	4.939885e-08
	120.000000	4.778478e-08
	122.000000	4.627405e-08
	124.000000	4.485878e-08
	126.000000	4.353214e-08
	128.000000	4.228731e-08
	130.000000	4.111856e-08
	132.000000	4.002035e-08
	134.000000	3.898763e-08
	136.000000	3.801609e-08
	138.000000	3.710128e-08
	140.000000	3.623946e-08
	142.000000	3.542707e-08
	144.000000	3.466093e-08
	146.000000	3.393809e-08
	148.000000	3.325570e-08
	150.000000	3.261157e-08
	152.000000	3.200322e-08
	154.000000	3.142847e-08
	156.000000	3.088563e-08
	158.000000	3.037298e-08
	160.000000	2.988881e-08
	162.000000	2.943197e-08
	164.000000	2.900077e-08
	166.000000	2.859452e-08
	168.000000	2.821174e-08

#################################################################################################################################################

Energy 200 			# in MeV 
Multiplicity PromptGamma 0.373101
Differential_cross_section PromptGamma 93 	 # Secondary particule & Nbr of rows (Energies) 
# 	Energy(MeV)	Int.(b/MeV)
	2.000000	1.131994e-02
	4.000000	1.098240e-02
	6.000000	2.473116e-02
	8.000000	1.444359e-03
	10.000000	5.415788e-04
	12.000000	1.531475e-06
	14.000000	2.618981e-06
	16.000000	4.980762e-06
	18.000000	9.129466e-06
	20.000000	1.910383e-05
	22.000000	4.238804e-05
	24.000000	5.443496e-05
	26.000000	3.307513e-05
	28.000000	1.806306e-05
	30.000000	1.063940e-05
	32.000000	6.826460e-06
	34.000000	4.664590e-06
	36.000000	3.337472e-06
	38.000000	2.472429e-06
	40.000000	1.881436e-06
	42.000000	1.467329e-06
	44.000000	1.163275e-06
	46.000000	9.374163e-07
	48.000000	7.666959e-07
	50.000000	6.356847e-07
	52.000000	5.339353e-07
	54.000000	4.540668e-07
	56.000000	3.907113e-07
	58.000000	3.398746e-07
	60.000000	2.987346e-07
	62.000000	2.650646e-07
	64.000000	2.372512e-07
	66.000000	2.140397e-07
	68.000000	1.944746e-07
	70.000000	1.778339e-07
	72.000000	1.635287e-07
	74.000000	1.511135e-07
	76.000000	1.402468e-07
	78.000000	1.306645e-07
	80.000000	1.221532e-07
	82.000000	1.145433e-07
	84.000000	1.076959e-07
	86.000000	1.015042e-07
	88.000000	9.587524e-08
	90.000000	9.073806e-08
	92.000000	8.603215e-08
	94.000000	8.170736e-08
	96.000000	7.772148e-08
	98.000000	7.403882e-08
	100.000000	7.062902e-08
	102.000000	6.746576e-08
	104.000000	6.452625e-08
	106.000000	6.179060e-08
	108.000000	5.924138e-08
	110.000000	5.686277e-08
	112.000000	5.464100e-08
	114.000000	5.256354e-08
	116.000000	5.061924e-08
	118.000000	4.879777e-08
	120.000000	4.708990e-08
	122.000000	4.548747e-08
	124.000000	4.398255e-08
	126.000000	4.256833e-08
	128.000000	4.123831e-08
	130.000000	3.998665e-08
	132.000000	3.880796e-08
	134.000000	3.769708e-08
	136.000000	3.664959e-08
	138.000000	3.566121e-08
	140.000000	3.472808e-08
	142.000000	3.384647e-08
	144.000000	3.301317e-08
	146.000000	3.222499e-08
	148.000000	3.147908e-08
	150.000000	3.077280e-08
	152.000000	3.010371e-08
	154.000000	2.946963e-08
	156.000000	2.886823e-08
	158.000000	2.829777e-08
	160.000000	2.775636e-08
	162.000000	2.724247e-08
	164.000000	2.675433e-08
	166.000000	2.629063e-08
	168.000000	2.585015e-08
	170.000000	2.543146e-08
	172.000000	2.503368e-08
	174.000000	2.465561e-08
	176.000000	2.429625e-08
	178.000000	2.395494e-08
	180.000000	2.363080e-08
	182.000000	2.332306e-08
	184.000000	2.303117e-08
	186.000000	2.275436e-08

#################################################################################################################################################

Energy 220 			# in MeV 
Multiplicity PromptGamma 0.367174
Differential_cross_section PromptGamma 103 	 # Secondary particule & Nbr of rows (Energies) 
# 	Energy(MeV)	Int.(b/MeV)
	2.000000	1.128996e-02
	4.000000	1.103284e-02
	6.000000	2.392962e-02
	8.000000	1.353759e-03
	10.000000	5.423728e-04
	12.000000	1.649767e-06
	14.000000	2.909508e-06
	16.000000	5.558959e-06
	18.000000	1.045833e-05
	20.000000	2.231578e-05
	22.000000	5.021331e-05
	24.000000	6.478392e-05
	26.000000	3.932763e-05
	28.000000	2.158692e-05
	30.000000	1.285910e-05
	32.000000	8.321428e-06
	34.000000	5.725182e-06
	36.000000	4.118233e-06
	38.000000	3.060014e-06
	40.000000	2.330850e-06
	42.000000	1.814364e-06
	44.000000	1.432863e-06
	46.000000	1.148229e-06
	48.000000	9.317797e-07
	50.000000	7.649033e-07
	52.000000	6.350719e-07
	54.000000	5.331137e-07
	56.000000	4.524137e-07
	58.000000	3.880456e-07
	60.000000	3.362000e-07
	62.000000	2.942350e-07
	64.000000	2.598889e-07
	66.000000	2.315956e-07
	68.000000	2.080823e-07
	70.000000	1.883730e-07
	72.000000	1.717086e-07
	74.000000	1.574866e-07
	76.000000	1.452339e-07
	78.000000	1.345939e-07
	80.000000	1.252755e-07
	82.000000	1.170489e-07
	84.000000	1.097342e-07
	86.000000	1.031850e-07
	88.000000	9.728003e-08
	90.000000	9.192790e-08
	92.000000	8.705237e-08
	94.000000	8.259081e-08
	96.000000	7.849147e-08
	98.000000	7.471177e-08
	100.000000	7.121629e-08
	102.000000	6.797459e-08
	104.000000	6.496167e-08
	106.000000	6.215551e-08
	108.000000	5.953762e-08
	110.000000	5.709141e-08
	112.000000	5.480257e-08
	114.000000	5.265823e-08
	116.000000	5.064701e-08
	118.000000	4.875884e-08
	120.000000	4.698451e-08
	122.000000	4.531579e-08
	124.000000	4.374509e-08
	126.000000	4.226549e-08
	128.000000	4.087091e-08
	130.000000	3.955530e-08
	132.000000	3.831378e-08
	134.000000	3.714115e-08
	136.000000	3.603296e-08
	138.000000	3.498533e-08
	140.000000	3.399401e-08
	142.000000	3.305589e-08
	144.000000	3.216726e-08
	146.000000	3.132532e-08
	148.000000	3.052702e-08
	150.000000	2.976989e-08
	152.000000	2.905121e-08
	154.000000	2.836893e-08
	156.000000	2.772098e-08
	158.000000	2.710498e-08
	160.000000	2.651932e-08
	162.000000	2.596225e-08
	164.000000	2.543204e-08
	166.000000	2.492728e-08
	168.000000	2.444657e-08
	170.000000	2.398850e-08
	172.000000	2.355177e-08
	174.000000	2.313540e-08
	176.000000	2.273832e-08
	178.000000	2.235932e-08
	180.000000	2.199765e-08
	182.000000	2.165255e-08
	184.000000	2.132295e-08
	186.000000	2.100829e-08
	188.000000	2.070771e-08
	190.000000	2.042067e-08
	192.000000	2.014652e-08
	194.000000	1.988472e-08
	196.000000	1.963484e-08
	198.000000	1.939643e-08
	200.000000	1.916886e-08
	202.000000	1.895190e-08
	204.000000	1.874502e-08
	206.000000	1.854810e-08

#################################################################################################################################################

Energy 250 			# in MeV 
Multiplicity PromptGamma 0.360720
Differential_cross_section PromptGamma 117 	 # Secondary particule & Nbr of rows (Energies) 
# 	Energy(MeV)	Int.(b/MeV)
	2.000000	1.139217e-02
	4.000000	1.102597e-02
	6.000000	2.283319e-02
	8.000000	1.236214e-03
	10.000000	5.396780e-04
	12.000000	1.880592e-06
	14.000000	3.366586e-06
	16.000000	6.587333e-06
	18.000000	1.285407e-05
	20.000000	2.799408e-05
	22.000000	6.404613e-05
	24.000000	8.335506e-05
	26.000000	5.082632e-05
	28.000000	2.823394e-05
	30.000000	1.711258e-05
	32.000000	1.124150e-05
	34.000000	7.834154e-06
	36.000000	5.698802e-06
	38.000000	4.273080e-06
	40.000000	3.277050e-06
	42.000000	2.560864e-06
	44.000000	2.025983e-06
	46.000000	1.621488e-06
	48.000000	1.310392e-06
	50.000000	1.068230e-06
	52.000000	8.781107e-07
	54.000000	7.278151e-07
	56.000000	6.081939e-07
	58.000000	5.125293e-07
	60.000000	4.355049e-07
	62.000000	3.733750e-07
	64.000000	3.227877e-07
	66.000000	2.815008e-07
	68.000000	2.476117e-07
	70.000000	2.196519e-07
	72.000000	1.964168e-07
	74.000000	1.769891e-07
	76.000000	1.606304e-07
	78.000000	1.467638e-07
	80.000000	1.349031e-07
	82.000000	1.246992e-07
	84.000000	1.158404e-07
	86.000000	1.080914e-07
	88.000000	1.012532e-07
	90.000000	9.517798e-08
	92.000000	8.974319e-08
	94.000000	8.484843e-08
	96.000000	8.041222e-08
	98.000000	7.636866e-08
	100.000000	7.266403e-08
	102.000000	6.925426e-08
	104.000000	6.610340e-08
	106.000000	6.318143e-08
	108.000000	6.046365e-08
	110.000000	5.792891e-08
	112.000000	5.555943e-08
	114.000000	5.333978e-08
	116.000000	5.125687e-08
	118.000000	4.929909e-08
	120.000000	4.745635e-08
	122.000000	4.572002e-08
	124.000000	4.408180e-08
	126.000000	4.253500e-08
	128.000000	4.107300e-08
	130.000000	3.969017e-08
	132.000000	3.838130e-08
	134.000000	3.714171e-08
	136.000000	3.596680e-08
	138.000000	3.485267e-08
	140.000000	3.379557e-08
	142.000000	3.279200e-08
	144.000000	3.183897e-08
	146.000000	3.093340e-08
	148.000000	3.007242e-08
	150.000000	2.925358e-08
	152.000000	2.847454e-08
	154.000000	2.773284e-08
	156.000000	2.702669e-08
	158.000000	2.635384e-08
	160.000000	2.571271e-08
	162.000000	2.510148e-08
	164.000000	2.451834e-08
	166.000000	2.396202e-08
	168.000000	2.343113e-08
	170.000000	2.292407e-08
	172.000000	2.243968e-08
	174.000000	2.197690e-08
	176.000000	2.153454e-08
	178.000000	2.111145e-08
	180.000000	2.070676e-08
	182.000000	2.031942e-08
	184.000000	1.994878e-08
	186.000000	1.959380e-08
	188.000000	1.925370e-08
	190.000000	1.892787e-08
	192.000000	1.861555e-08
	194.000000	1.831621e-08
	196.000000	1.802900e-08
	198.000000	1.775361e-08
	200.000000	1.748928e-08
	202.000000	1.723559e-08
	204.000000	1.699212e-08
	206.000000	1.675823e-08
	208.000000	1.653370e-08
	210.000000	1.631821e-08
	212.000000	1.611103e-08
	214.000000	1.591214e-08
	216.000000	1.572103e-08
	218.000000	1.553757e-08
	220.000000	1.536125e-08
	222.000000	1.519194e-08
	224.000000	1.502945e-08
	226.000000	1.487335e-08
	228.000000	1.472352e-08
	230.000000	1.457997e-08
	232.000000	1.444227e-08
	234.000000	1.431032e-08

#################################################################################################################################################

