4He DOSE-RESPONSE FUNCTIONS FOR USE IN MCNPX (August 23, 2013)
Data generated by RDS using MCDS Version 3.10A  05-DEC-2011

C
C  ***   ============================================================
C  ***            4He-Alpha (4He2+) DOSE, RBE AND RELATED TALLIES
C  ***   ------------------------------------------------------------
FC5016   4He-Alpha (4He2+) Absorbed Dose
F5016:A  3
FM5016   0.1602
C
FC5026   RBE-weighted 4He-Alpha (4He2+) dose; DSB induction (aerobic)
F5026:A  3
FM5026   0.1602
DE5026   1.000E-03 1.500E-03 2.000E-03 2.500E-03 3.000E-03 4.000E-03
         5.000E-03 6.000E-03 7.000E-03 8.000E-03 9.000E-03 1.000E-02
         1.250E-02 1.500E-02 1.750E-02 2.000E-02 2.250E-02 2.500E-02
         2.750E-02 3.000E-02 3.500E-02 4.000E-02 4.500E-02 5.000E-02
         5.500E-02 6.000E-02 6.500E-02 7.000E-02 7.500E-02 8.000E-02
         8.500E-02 9.000E-02 9.500E-02 1.000E-01 1.250E-01 1.500E-01
         1.750E-01 2.000E-01 2.250E-01 2.500E-01 2.750E-01 3.000E-01
         3.500E-01 4.000E-01 4.500E-01 5.000E-01 5.500E-01 6.000E-01
         6.500E-01 7.000E-01 7.500E-01 8.000E-01 8.500E-01 9.000E-01
         9.500E-01 1.000E+00 1.250E+00 1.500E+00 1.750E+00 2.000E+00
         2.250E+00 2.500E+00 2.750E+00 3.000E+00 3.500E+00 4.000E+00
         4.500E+00 5.000E+00 5.500E+00 6.000E+00 6.500E+00 7.000E+00
         7.500E+00 8.000E+00 8.500E+00 9.000E+00 9.500E+00 1.000E+01
         1.250E+01 1.500E+01 1.750E+01 2.000E+01 2.500E+01 2.750E+01
         3.000E+01 3.500E+01 4.000E+01 4.500E+01 5.000E+01 5.500E+01
         6.000E+01 6.500E+01 7.000E+01 7.500E+01 8.000E+01 8.500E+01
         9.000E+01 9.500E+01 1.000E+02 1.250E+02 1.500E+02 1.750E+02
         2.000E+02 2.250E+02 2.500E+02 2.750E+02 3.000E+02 3.500E+02
         4.000E+02 4.500E+02 5.000E+02 5.500E+02 6.000E+02 6.500E+02
         7.000E+02 7.500E+02 8.000E+02 8.500E+02 9.000E+02 9.500E+02
         1.000E+03 2.000E+03 5.000E+03 7.500E+03 1.000E+04
C
DF5026   3.382E+00 3.382E+00 3.382E+00 3.381E+00 3.380E+00 3.381E+00
         3.378E+00 3.381E+00 3.378E+00 3.378E+00 3.377E+00 3.376E+00
         3.377E+00 3.377E+00 3.375E+00 3.375E+00 3.374E+00 3.374E+00
         3.372E+00 3.373E+00 3.372E+00 3.370E+00 3.368E+00 3.369E+00
         3.367E+00 3.366E+00 3.365E+00 3.364E+00 3.365E+00 3.363E+00
         3.363E+00 3.363E+00 3.359E+00 3.358E+00 3.356E+00 3.348E+00
         3.349E+00 3.340E+00 3.337E+00 3.333E+00 3.327E+00 3.324E+00
         3.315E+00 3.306E+00 3.297E+00 3.289E+00 3.281E+00 3.270E+00
         3.260E+00 3.253E+00 3.242E+00 3.231E+00 3.221E+00 3.211E+00
         3.202E+00 3.193E+00 3.144E+00 3.095E+00 3.047E+00 2.996E+00
         2.947E+00 2.901E+00 2.852E+00 2.809E+00 2.723E+00 2.646E+00
         2.571E+00 2.502E+00 2.438E+00 2.377E+00 2.323E+00 2.272E+00
         2.224E+00 2.178E+00 2.140E+00 2.101E+00 2.065E+00 2.031E+00
         1.886E+00 1.778E+00 1.692E+00 1.625E+00 1.522E+00 1.483E+00
         1.448E+00 1.392E+00 1.347E+00 1.314E+00 1.286E+00 1.262E+00
         1.241E+00 1.223E+00 1.209E+00 1.195E+00 1.185E+00 1.175E+00
         1.166E+00 1.156E+00 1.149E+00 1.121E+00 1.100E+00 1.087E+00
         1.076E+00 1.067E+00 1.062E+00 1.062E+00 1.050E+00 1.044E+00
         1.038E+00 1.035E+00 1.030E+00 1.027E+00 1.027E+00 1.024E+00
         1.022E+00 1.020E+00 1.020E+00 1.018E+00 1.018E+00 1.016E+00
         1.016E+00 1.008E+00 1.004E+00 1.004E+00 1.001E+00
C
FC5036   RBE-weighted 4He-Alpha (4He2+) dose; DSB induction (anoxic)
F5036:A  3
FM5036   0.1602
DE5036   1.000E-03 1.500E-03 2.000E-03 2.500E-03 3.000E-03 4.000E-03
         5.000E-03 6.000E-03 7.000E-03 8.000E-03 9.000E-03 1.000E-02
         1.250E-02 1.500E-02 1.750E-02 2.000E-02 2.250E-02 2.500E-02
         2.750E-02 3.000E-02 3.500E-02 4.000E-02 4.500E-02 5.000E-02
         5.500E-02 6.000E-02 6.500E-02 7.000E-02 7.500E-02 8.000E-02
         8.500E-02 9.000E-02 9.500E-02 1.000E-01 1.250E-01 1.500E-01
         1.750E-01 2.000E-01 2.250E-01 2.500E-01 2.750E-01 3.000E-01
         3.500E-01 4.000E-01 4.500E-01 5.000E-01 5.500E-01 6.000E-01
         6.500E-01 7.000E-01 7.500E-01 8.000E-01 8.500E-01 9.000E-01
         9.500E-01 1.000E+00 1.250E+00 1.500E+00 1.750E+00 2.000E+00
         2.250E+00 2.500E+00 2.750E+00 3.000E+00 3.500E+00 4.000E+00
         4.500E+00 5.000E+00 5.500E+00 6.000E+00 6.500E+00 7.000E+00
         7.500E+00 8.000E+00 8.500E+00 9.000E+00 9.500E+00 1.000E+01
         1.250E+01 1.500E+01 1.750E+01 2.000E+01 2.500E+01 2.750E+01
         3.000E+01 3.500E+01 4.000E+01 4.500E+01 5.000E+01 5.500E+01
         6.000E+01 6.500E+01 7.000E+01 7.500E+01 8.000E+01 8.500E+01
         9.000E+01 9.500E+01 1.000E+02 1.250E+02 1.500E+02 1.750E+02
         2.000E+02 2.250E+02 2.500E+02 2.750E+02 3.000E+02 3.500E+02
         4.000E+02 4.500E+02 5.000E+02 5.500E+02 6.000E+02 6.500E+02
         7.000E+02 7.500E+02 8.000E+02 8.500E+02 9.000E+02 9.500E+02
         1.000E+03 2.000E+03 5.000E+03 7.500E+03 1.000E+04
DF5036   9.833E+00 9.832E+00 9.832E+00 9.830E+00 9.827E+00 9.829E+00
         9.821E+00 9.829E+00 9.823E+00 9.822E+00 9.817E+00 9.816E+00
         9.820E+00 9.819E+00 9.804E+00 9.803E+00 9.802E+00 9.800E+00
         9.798E+00 9.794E+00 9.794E+00 9.790E+00 9.784E+00 9.786E+00
         9.779E+00 9.778E+00 9.766E+00 9.760E+00 9.764E+00 9.759E+00
         9.760E+00 9.760E+00 9.749E+00 9.745E+00 9.727E+00 9.706E+00
         9.698E+00 9.672E+00 9.653E+00 9.631E+00 9.616E+00 9.597E+00
         9.561E+00 9.514E+00 9.478E+00 9.432E+00 9.389E+00 9.346E+00
         9.297E+00 9.255E+00 9.202E+00 9.149E+00 9.101E+00 9.039E+00
         8.992E+00 8.944E+00 8.665E+00 8.363E+00 8.051E+00 7.728E+00
         7.407E+00 7.087E+00 6.779E+00 6.484E+00 5.899E+00 5.398E+00
         4.946E+00 4.546E+00 4.214E+00 3.924E+00 3.669E+00 3.453E+00
         3.262E+00 3.096E+00 2.955E+00 2.837E+00 2.718E+00 2.622E+00
         2.260E+00 2.037E+00 1.879E+00 1.768E+00 1.613E+00 1.559E+00
         1.512E+00 1.439E+00 1.386E+00 1.343E+00 1.310E+00 1.284E+00
         1.258E+00 1.238E+00 1.224E+00 1.209E+00 1.197E+00 1.185E+00
         1.175E+00 1.166E+00 1.157E+00 1.128E+00 1.101E+00 1.089E+00
         1.079E+00 1.068E+00 1.062E+00 1.062E+00 1.050E+00 1.045E+00
         1.037E+00 1.036E+00 1.028E+00 1.026E+00 1.024E+00 1.021E+00
         1.021E+00 1.019E+00 1.020E+00 1.017E+00 1.016E+00 1.015E+00
         1.017E+00 1.004E+00 1.004E+00 1.003E+00 1.000E+00
C
FC5046   4He-Alpha (4He2+) intra-track RMF interaction term (aerobic cells)
F5046:A  3
FM5046   0.1602
DE5046   1.000E-03 1.500E-03 2.000E-03 2.500E-03 3.000E-03 4.000E-03
         5.000E-03 6.000E-03 7.000E-03 8.000E-03 9.000E-03 1.000E-02
         1.250E-02 1.500E-02 1.750E-02 2.000E-02 2.250E-02 2.500E-02
         2.750E-02 3.000E-02 3.500E-02 4.000E-02 4.500E-02 5.000E-02
         5.500E-02 6.000E-02 6.500E-02 7.000E-02 7.500E-02 8.000E-02
         8.500E-02 9.000E-02 9.500E-02 1.000E-01 1.250E-01 1.500E-01
         1.750E-01 2.000E-01 2.250E-01 2.500E-01 2.750E-01 3.000E-01
         3.500E-01 4.000E-01 4.500E-01 5.000E-01 5.500E-01 6.000E-01
         6.500E-01 7.000E-01 7.500E-01 8.000E-01 8.500E-01 9.000E-01
         9.500E-01 1.000E+00 1.250E+00 1.500E+00 1.750E+00 2.000E+00
         2.250E+00 2.500E+00 2.750E+00 3.000E+00 3.500E+00 4.000E+00
         4.500E+00 5.000E+00 5.500E+00 6.000E+00 6.500E+00 7.000E+00
         7.500E+00 8.000E+00 8.500E+00 9.000E+00 9.500E+00 1.000E+01
         1.250E+01 1.500E+01 1.750E+01 2.000E+01 2.500E+01 2.750E+01
         3.000E+01 3.500E+01 4.000E+01 4.500E+01 5.000E+01 5.500E+01
         6.000E+01 6.500E+01 7.000E+01 7.500E+01 8.000E+01 8.500E+01
         9.000E+01 9.500E+01 1.000E+02 1.250E+02 1.500E+02 1.750E+02
         2.000E+02 2.250E+02 2.500E+02 2.750E+02 3.000E+02 3.500E+02
         4.000E+02 4.500E+02 5.000E+02 5.500E+02 6.000E+02 6.500E+02
         7.000E+02 7.500E+02 8.000E+02 8.500E+02 9.000E+02 9.500E+02
         1.000E+03 2.000E+03 5.000E+03 7.500E+03 1.000E+04
DF5046   1.937E+00 2.901E+00 3.874E+00 4.838E+00 5.800E+00 7.736E+00
         9.670E+00 1.159E+01 1.353E+01 1.546E+01 1.737E+01 1.930E+01
         2.413E+01 2.892E+01 3.369E+01 3.850E+01 4.328E+01 4.801E+01
         5.275E+01 5.754E+01 6.707E+01 7.646E+01 8.596E+01 9.545E+01
         1.047E+02 1.141E+02 1.236E+02 1.326E+02 1.420E+02 1.513E+02
         1.605E+02 1.697E+02 1.787E+02 1.880E+02 2.330E+02 2.777E+02
         3.216E+02 3.647E+02 4.072E+02 4.490E+02 4.897E+02 5.298E+02
         6.088E+02 6.844E+02 7.568E+02 8.246E+02 8.886E+02 9.479E+02
         1.004E+03 1.055E+03 1.100E+03 1.140E+03 1.173E+03 1.198E+03
         1.221E+03 1.236E+03 1.247E+03 1.164E+03 1.054E+03 9.500E+02
         8.586E+02 7.805E+02 7.119E+02 6.550E+02 5.569E+02 4.831E+02
         4.228E+02 3.743E+02 3.339E+02 2.998E+02 2.705E+02 2.461E+02
         2.243E+02 2.057E+02 1.896E+02 1.751E+02 1.627E+02 1.517E+02
         1.106E+02 8.476E+01 6.783E+01 5.595E+01 4.068E+01 3.558E+01
         3.152E+01 2.553E+01 2.126E+01 1.822E+01 1.589E+01 1.408E+01
         1.261E+01 1.141E+01 1.046E+01 9.623E+00 8.930E+00 8.291E+00
         7.806E+00 7.334E+00 6.928E+00 5.430E+00 4.474E+00 3.844E+00
         3.368E+00 3.003E+00 2.722E+00 2.528E+00 2.310E+00 2.017E+00
         1.804E+00 1.635E+00 1.506E+00 1.397E+00 1.299E+00 1.232E+00
         1.165E+00 1.109E+00 1.063E+00 1.017E+00 9.772E-01 9.425E-01
         9.124E-01 6.239E-01 4.630E-01 4.345E-01 4.214E-01
C
FC5056   4He-Alpha (4He2+) intra-track RMF interaction term (anoxic cells)
F5056:A  3
FM5056   0.1602
DE5056   1.000E-03 1.500E-03 2.000E-03 2.500E-03 3.000E-03 4.000E-03
         5.000E-03 6.000E-03 7.000E-03 8.000E-03 9.000E-03 1.000E-02
         1.250E-02 1.500E-02 1.750E-02 2.000E-02 2.250E-02 2.500E-02
         2.750E-02 3.000E-02 3.500E-02 4.000E-02 4.500E-02 5.000E-02
         5.500E-02 6.000E-02 6.500E-02 7.000E-02 7.500E-02 8.000E-02
         8.500E-02 9.000E-02 9.500E-02 1.000E-01 1.250E-01 1.500E-01
         1.750E-01 2.000E-01 2.250E-01 2.500E-01 2.750E-01 3.000E-01
         3.500E-01 4.000E-01 4.500E-01 5.000E-01 5.500E-01 6.000E-01
         6.500E-01 7.000E-01 7.500E-01 8.000E-01 8.500E-01 9.000E-01
         9.500E-01 1.000E+00 1.250E+00 1.500E+00 1.750E+00 2.000E+00
         2.250E+00 2.500E+00 2.750E+00 3.000E+00 3.500E+00 4.000E+00
         4.500E+00 5.000E+00 5.500E+00 6.000E+00 6.500E+00 7.000E+00
         7.500E+00 8.000E+00 8.500E+00 9.000E+00 9.500E+00 1.000E+01
         1.250E+01 1.500E+01 1.750E+01 2.000E+01 2.500E+01 2.750E+01
         3.000E+01 3.500E+01 4.000E+01 4.500E+01 5.000E+01 5.500E+01
         6.000E+01 6.500E+01 7.000E+01 7.500E+01 8.000E+01 8.500E+01
         9.000E+01 9.500E+01 1.000E+02 1.250E+02 1.500E+02 1.750E+02
         2.000E+02 2.250E+02 2.500E+02 2.750E+02 3.000E+02 3.500E+02
         4.000E+02 4.500E+02 5.000E+02 5.500E+02 6.000E+02 6.500E+02
         7.000E+02 7.500E+02 8.000E+02 8.500E+02 9.000E+02 9.500E+02
         1.000E+03 2.000E+03 5.000E+03 7.500E+03 1.000E+04
DF5056   1.933E+00 2.896E+00 3.867E+00 4.829E+00 5.789E+00 7.723E+00
         9.653E+00 1.157E+01 1.351E+01 1.544E+01 1.734E+01 1.927E+01
         2.409E+01 2.887E+01 3.363E+01 3.843E+01 4.312E+01 4.783E+01
         5.255E+01 5.734E+01 6.682E+01 7.618E+01 8.565E+01 9.510E+01
         1.043E+02 1.137E+02 1.231E+02 1.321E+02 1.415E+02 1.508E+02
         1.596E+02 1.687E+02 1.777E+02 1.869E+02 2.318E+02 2.756E+02
         3.191E+02 3.620E+02 4.033E+02 4.448E+02 4.840E+02 5.237E+02
         6.006E+02 6.736E+02 7.432E+02 8.082E+02 8.690E+02 9.252E+02
         9.779E+02 1.023E+03 1.064E+03 1.100E+03 1.126E+03 1.148E+03
         1.165E+03 1.177E+03 1.161E+03 1.061E+03 9.357E+02 8.172E+02
         7.156E+02 6.274E+02 5.515E+02 4.871E+02 3.820E+02 3.028E+02
         2.410E+02 1.946E+02 1.585E+02 1.304E+02 1.079E+02 9.078E+01
         7.695E+01 6.561E+01 5.681E+01 4.947E+01 4.340E+01 3.836E+01
         2.289E+01 1.527E+01 1.120E+01 8.652E+00 5.795E+00 4.906E+00
         4.262E+00 3.357E+00 2.734E+00 2.318E+00 1.985E+00 1.750E+00
         1.555E+00 1.401E+00 1.278E+00 1.175E+00 1.087E+00 1.005E+00
         9.437E-01 8.902E-01 8.387E-01 6.517E-01 5.344E-01 4.591E-01
         3.988E-01 3.549E-01 3.213E-01 2.984E-01 2.731E-01 2.392E-01
         2.124E-01 1.923E-01 1.772E-01 1.642E-01 1.534E-01 1.459E-01
         1.372E-01 1.307E-01 1.256E-01 1.200E-01 1.154E-01 1.113E-01
         1.077E-01 7.322E-02 5.449E-02 5.113E-02 4.967E-02
C
FC5066   Dose-weighted frequency-mean specific energy (ndia=5 um)
F5066:A  3
FM5066   0.1602
DE5066   1.000E-03 1.500E-03 2.000E-03 2.500E-03 3.000E-03 4.000E-03
         5.000E-03 6.000E-03 7.000E-03 8.000E-03 9.000E-03 1.000E-02
         1.250E-02 1.500E-02 1.750E-02 2.000E-02 2.250E-02 2.500E-02
         2.750E-02 3.000E-02 3.500E-02 4.000E-02 4.500E-02 5.000E-02
         5.500E-02 6.000E-02 6.500E-02 7.000E-02 7.500E-02 8.000E-02
         8.500E-02 9.000E-02 9.500E-02 1.000E-01 1.250E-01 1.500E-01
         1.750E-01 2.000E-01 2.250E-01 2.500E-01 2.750E-01 3.000E-01
         3.500E-01 4.000E-01 4.500E-01 5.000E-01 5.500E-01 6.000E-01
         6.500E-01 7.000E-01 7.500E-01 8.000E-01 8.500E-01 9.000E-01
         9.500E-01 1.000E+00 1.250E+00 1.500E+00 1.750E+00 2.000E+00
         2.250E+00 2.500E+00 2.750E+00 3.000E+00 3.500E+00 4.000E+00
         4.500E+00 5.000E+00 5.500E+00 6.000E+00 6.500E+00 7.000E+00
         7.500E+00 8.000E+00 8.500E+00 9.000E+00 9.500E+00 1.000E+01
         1.250E+01 1.500E+01 1.750E+01 2.000E+01 2.500E+01 2.750E+01
         3.000E+01 3.500E+01 4.000E+01 4.500E+01 5.000E+01 5.500E+01
         6.000E+01 6.500E+01 7.000E+01 7.500E+01 8.000E+01 8.500E+01
         9.000E+01 9.500E+01 1.000E+02 1.250E+02 1.500E+02 1.750E+02
         2.000E+02 2.250E+02 2.500E+02 2.750E+02 3.000E+02 3.500E+02
         4.000E+02 4.500E+02 5.000E+02 5.500E+02 6.000E+02 6.500E+02
         7.000E+02 7.500E+02 8.000E+02 8.500E+02 9.000E+02 9.500E+02
         1.000E+03 2.000E+03 5.000E+03 7.500E+03 1.000E+04
DF5066   2.448E-03 3.671E-03 4.895E-03 6.119E-03 7.342E-03 9.789E-03
         1.224E-02 1.468E-02 1.713E-02 1.957E-02 2.201E-02 2.445E-02
         3.056E-02 3.665E-02 4.274E-02 4.882E-02 5.490E-02 6.097E-02
         6.704E-02 7.310E-02 8.520E-02 9.728E-02 1.093E-01 1.214E-01
         1.334E-01 1.453E-01 1.573E-01 1.692E-01 1.811E-01 1.930E-01
         2.048E-01 2.166E-01 2.284E-01 2.402E-01 2.986E-01 3.564E-01
         4.135E-01 4.699E-01 5.256E-01 5.807E-01 6.350E-01 6.886E-01
         7.935E-01 8.952E-01 9.935E-01 1.088E+00 1.177E+00 1.262E+00
         1.341E+00 1.415E+00 1.481E+00 1.540E+00 1.591E+00 1.635E+00
         1.673E+00 1.703E+00 1.754E+00 1.679E+00 1.556E+00 1.435E+00
         1.329E+00 1.238E+00 1.159E+00 1.091E+00 9.777E-01 8.878E-01
         8.145E-01 7.534E-01 7.017E-01 6.573E-01 6.186E-01 5.847E-01
         5.546E-01 5.278E-01 5.037E-01 4.819E-01 4.621E-01 4.440E-01
         3.728E-01 3.228E-01 2.856E-01 2.568E-01 2.148E-01 1.990E-01
         1.856E-01 1.639E-01 1.472E-01 1.338E-01 1.229E-01 1.137E-01
         1.060E-01 9.932E-02 9.353E-02 8.844E-02 8.394E-02 7.991E-02
         7.630E-02 7.303E-02 7.006E-02 5.851E-02 5.054E-02 4.469E-02
         4.020E-02 3.664E-02 3.375E-02 3.134E-02 2.932E-02 2.608E-02
         2.360E-02 2.165E-02 2.006E-02 1.875E-02 1.765E-02 1.671E-02
         1.590E-02 1.519E-02 1.457E-02 1.402E-02 1.352E-02 1.308E-02
         1.268E-02 8.837E-03 6.632E-03 6.230E-03 6.067E-03
C
FC5076   Dose-weighted 4He-Alpha (4He2+) stopping power (keV/um)
F5076:A  3
FM5076   0.1602
DE5076   1.000E-03 1.500E-03 2.000E-03 2.500E-03 3.000E-03 4.000E-03
         5.000E-03 6.000E-03 7.000E-03 8.000E-03 9.000E-03 1.000E-02
         1.250E-02 1.500E-02 1.750E-02 2.000E-02 2.250E-02 2.500E-02
         2.750E-02 3.000E-02 3.500E-02 4.000E-02 4.500E-02 5.000E-02
         5.500E-02 6.000E-02 6.500E-02 7.000E-02 7.500E-02 8.000E-02
         8.500E-02 9.000E-02 9.500E-02 1.000E-01 1.250E-01 1.500E-01
         1.750E-01 2.000E-01 2.250E-01 2.500E-01 2.750E-01 3.000E-01
         3.500E-01 4.000E-01 4.500E-01 5.000E-01 5.500E-01 6.000E-01
         6.500E-01 7.000E-01 7.500E-01 8.000E-01 8.500E-01 9.000E-01
         9.500E-01 1.000E+00 1.250E+00 1.500E+00 1.750E+00 2.000E+00
         2.250E+00 2.500E+00 2.750E+00 3.000E+00 3.500E+00 4.000E+00
         4.500E+00 5.000E+00 5.500E+00 6.000E+00 6.500E+00 7.000E+00
         7.500E+00 8.000E+00 8.500E+00 9.000E+00 9.500E+00 1.000E+01
         1.250E+01 1.500E+01 1.750E+01 2.000E+01 2.500E+01 2.750E+01
         3.000E+01 3.500E+01 4.000E+01 4.500E+01 5.000E+01 5.500E+01
         6.000E+01 6.500E+01 7.000E+01 7.500E+01 8.000E+01 8.500E+01
         9.000E+01 9.500E+01 1.000E+02 1.250E+02 1.500E+02 1.750E+02
         2.000E+02 2.250E+02 2.500E+02 2.750E+02 3.000E+02 3.500E+02
         4.000E+02 4.500E+02 5.000E+02 5.500E+02 6.000E+02 6.500E+02
         7.000E+02 7.500E+02 8.000E+02 8.500E+02 9.000E+02 9.500E+02
         1.000E+03 2.000E+03 5.000E+03 7.500E+03 1.000E+04
DF5076   3.298E+01 3.310E+01 3.329E+01 3.359E+01 3.397E+01 3.494E+01
         3.609E+01 3.734E+01 3.865E+01 4.000E+01 4.135E+01 4.270E+01
         4.602E+01 4.923E+01 5.231E+01 5.526E+01 5.809E+01 6.079E+01
         6.339E+01 6.588E+01 7.060E+01 7.501E+01 7.914E+01 8.304E+01
         8.674E+01 9.027E+01 9.364E+01 9.687E+01 9.998E+01 1.030E+02
         1.059E+02 1.087E+02 1.114E+02 1.141E+02 1.265E+02 1.377E+02
         1.480E+02 1.576E+02 1.665E+02 1.747E+02 1.823E+02 1.892E+02
         2.011E+02 2.104E+02 2.174E+02 2.223E+02 2.255E+02 2.272E+02
         2.277E+02 2.273E+02 2.262E+02 2.245E+02 2.223E+02 2.199E+02
         2.172E+02 2.143E+02 1.993E+02 1.848E+02 1.718E+02 1.604E+02
         1.503E+02 1.415E+02 1.336E+02 1.266E+02 1.148E+02 1.050E+02
         9.694E+01 9.008E+01 8.419E+01 7.908E+01 7.460E+01 7.064E+01
         6.711E+01 6.395E+01 6.110E+01 5.851E+01 5.615E+01 5.399E+01
         4.545E+01 3.941E+01 3.491E+01 3.140E+01 2.629E+01 2.436E+01
         2.272E+01 2.007E+01 1.802E+01 1.639E+01 1.505E+01 1.393E+01
         1.299E+01 1.217E+01 1.146E+01 1.084E+01 1.029E+01 9.793E+00
         9.350E+00 8.950E+00 8.586E+00 7.171E+00 6.194E+00 5.477E+00
         4.927E+00 4.491E+00 4.136E+00 3.842E+00 3.593E+00 3.196E+00
         2.893E+00 2.653E+00 2.459E+00 2.299E+00 2.164E+00 2.048E+00
         1.949E+00 1.862E+00 1.786E+00 1.718E+00 1.657E+00 1.603E+00
         1.554E+00 1.083E+00 8.129E-01 7.635E-01 7.436E-01
C  ***   ------------------------------------------------------------




