2H DOSE-RESPONSE FUNCTIONS FOR USE IN MCNPX August 23, 2013)
Data generated by RDS using MCDS Version 3.10A  05-DEC-2011

C  ***   ============================================================
C  ***            Deuteron (2H+) DOSE, RBE AND RELATED TALLIES
C  ***   ------------------------------------------------------------
FC2016   Deuteron (2H+) Absorbed Dose
F2016:D  3
FM2016   0.1602
C
FC2026   RBE-weighted Deuteron (2H+) dose; DSB induction (aerobic)
F2026:D  3
FM2026   0.1602
DE2026   1.000E-03 2.000E-03 3.000E-03 4.000E-03 5.000E-03 6.470E-03
         7.500E-03 1.000E-02 2.000E-02 3.000E-02 4.000E-02 5.000E-02
         6.000E-02 7.000E-02 8.000E-02 9.000E-02 1.000E-01 2.000E-01
         3.000E-01 5.000E-01 9.000E-01 1.000E+00 1.100E+00 1.300E+00
         1.500E+00 2.000E+00 2.500E+00 3.000E+00 3.500E+00 4.000E+00
         5.000E+00 6.000E+00 7.500E+00 1.000E+01 1.500E+01 2.500E+01
         5.000E+01 7.500E+01 1.000E+02 1.500E+02 2.000E+02 2.500E+02
         5.000E+02 1.000E+03
DF2026   3.361E+00 3.360E+00 3.355E+00 3.352E+00 3.354E+00 3.346E+00
         3.348E+00 3.344E+00 3.325E+00 3.316E+00 3.304E+00 3.286E+00
         3.277E+00 3.262E+00 3.252E+00 3.241E+00 3.225E+00 3.106E+00
         2.988E+00 2.771E+00 2.428E+00 2.359E+00 2.296E+00 2.189E+00
         2.094E+00 1.908E+00 1.774E+00 1.678E+00 1.597E+00 1.534E+00
         1.446E+00 1.375E+00 1.311E+00 1.235E+00 1.159E+00 1.097E+00
         1.044E+00 1.028E+00 1.020E+00 1.009E+00 1.006E+00 1.003E+00
         9.985E-01 9.967E-01
C
FC2036   RBE-weighted Deuteron (2H+) dose; DSB induction (anoxic)
F2036:D  3
FM2036   0.1602
DE2036   1.000E-03 2.000E-03 3.000E-03 4.000E-03 5.000E-03 6.470E-03
         7.500E-03 1.000E-02 2.000E-02 3.000E-02 4.000E-02 5.000E-02
         6.000E-02 7.000E-02 8.000E-02 9.000E-02 1.000E-01 2.000E-01
         3.000E-01 5.000E-01 9.000E-01 1.000E+00 1.100E+00 1.300E+00
         1.500E+00 2.000E+00 2.500E+00 3.000E+00 3.500E+00 4.000E+00
         5.000E+00 6.000E+00 7.500E+00 1.000E+01 1.500E+01 2.500E+01
         5.000E+01 7.500E+01 1.000E+02 1.500E+02 2.000E+02 2.500E+02
         5.000E+02 1.000E+03
DF2036   9.754E+00 9.750E+00 9.727E+00 9.716E+00 9.724E+00 9.689E+00
         9.697E+00 9.685E+00 9.610E+00 9.552E+00 9.498E+00 9.425E+00
         9.378E+00 9.303E+00 9.251E+00 9.189E+00 9.126E+00 8.426E+00
         7.689E+00 6.231E+00 4.173E+00 3.834E+00 3.555E+00 3.122E+00
         2.805E+00 2.308E+00 2.021E+00 1.852E+00 1.728E+00 1.633E+00
         1.508E+00 1.419E+00 1.338E+00 1.249E+00 1.167E+00 1.102E+00
         1.047E+00 1.028E+00 1.016E+00 1.008E+00 1.004E+00 1.002E+00
         9.973E-01 9.937E-01
C
FC2046   Deuteron (2H+) intra-track RMF interaction term (aerobic cells)
F2046:D  3
FM2046   0.1602
DE2046   1.000E-03 2.000E-03 3.000E-03 4.000E-03 5.000E-03 6.470E-03
         7.500E-03 1.000E-02 2.000E-02 3.000E-02 4.000E-02 5.000E-02
         6.000E-02 7.000E-02 8.000E-02 9.000E-02 1.000E-01 2.000E-01
         3.000E-01 5.000E-01 9.000E-01 1.000E+00 1.100E+00 1.300E+00
         1.500E+00 2.000E+00 2.500E+00 3.000E+00 3.500E+00 4.000E+00
         5.000E+00 6.000E+00 7.500E+00 1.000E+01 1.500E+01 2.500E+01
         5.000E+01 7.500E+01 1.000E+02 1.500E+02 2.000E+02 2.500E+02
         5.000E+02 1.000E+03
DF2046   1.913E+00 3.822E+00 5.717E+00 7.604E+00 9.518E+00 1.225E+01
         1.422E+01 1.889E+01 3.725E+01 5.540E+01 7.315E+01 9.017E+01
         1.072E+02 1.235E+02 1.397E+02 1.555E+02 1.703E+02 2.941E+02
         3.541E+02 2.899E+02 1.589E+02 1.399E+02 1.244E+02 1.009E+02
         8.350E+01 5.634E+01 4.129E+01 3.221E+01 2.595E+01 2.158E+01
         1.612E+01 1.263E+01 9.631E+00 6.780E+00 4.307E+00 2.543E+00
         1.310E+00 9.146E-01 7.175E-01 5.132E-01 4.120E-01 3.500E-01
         2.222E-01 1.571E-01
C
FC2056   Deuteron (2H+) intra-track RMF interaction term (anoxic cells)
F2056:D  3
FM2056   0.1602
DE2056   1.000E-03 2.000E-03 3.000E-03 4.000E-03 5.000E-03 6.470E-03
         7.500E-03 1.000E-02 2.000E-02 3.000E-02 4.000E-02 5.000E-02
         6.000E-02 7.000E-02 8.000E-02 9.000E-02 1.000E-01 2.000E-01
         3.000E-01 5.000E-01 9.000E-01 1.000E+00 1.100E+00 1.300E+00
         1.500E+00 2.000E+00 2.500E+00 3.000E+00 3.500E+00 4.000E+00
         5.000E+00 6.000E+00 7.500E+00 1.000E+01 1.500E+01 2.500E+01
         5.000E+01 7.500E+01 1.000E+02 1.500E+02 2.000E+02 2.500E+02
         5.000E+02 1.000E+03
DF2056   1.902E+00 3.801E+00 5.674E+00 7.545E+00 9.447E+00 1.213E+01
         1.408E+01 1.871E+01 3.674E+01 5.430E+01 7.138E+01 8.760E+01
         1.037E+02 1.186E+02 1.335E+02 1.476E+02 1.610E+02 2.556E+02
         2.768E+02 1.732E+02 5.542E+01 4.367E+01 3.522E+01 2.424E+01
         1.770E+01 9.737E+00 6.328E+00 4.629E+00 3.584E+00 2.888E+00
         2.073E+00 1.590E+00 1.185E+00 8.195E-01 5.156E-01 3.028E-01
         1.555E-01 1.080E-01 8.413E-02 6.054E-02 4.847E-02 4.121E-02
         2.617E-02 1.844E-02
C
FC2066   Dose-weighted frequency-mean specific energy (ndia=5 um)
F2066:D  3
FM2066   0.1602
DE2066   1.000E-03 2.000E-03 3.000E-03 4.000E-03 5.000E-03 6.470E-03
         7.500E-03 1.000E-02 2.000E-02 3.000E-02 4.000E-02 5.000E-02
         6.000E-02 7.000E-02 8.000E-02 9.000E-02 1.000E-01 2.000E-01
         3.000E-01 5.000E-01 9.000E-01 1.000E+00 1.100E+00 1.300E+00
         1.500E+00 2.000E+00 2.500E+00 3.000E+00 3.500E+00 4.000E+00
         5.000E+00 6.000E+00 7.500E+00 1.000E+01 1.500E+01 2.500E+01
         5.000E+01 7.500E+01 1.000E+02 1.500E+02 2.000E+02 2.500E+02
         5.000E+02 1.000E+03
DF2066   2.447E-03 4.894E-03 7.340E-03 9.784E-03 1.223E-02 1.582E-02
         1.833E-02 2.442E-02 4.870E-02 7.285E-02 9.685E-02 1.207E-01
         1.443E-01 1.678E-01 1.910E-01 2.140E-01 2.366E-01 4.407E-01
         5.732E-01 5.460E-01 3.895E-01 3.636E-01 3.412E-01 3.044E-01
         2.753E-01 2.238E-01 1.897E-01 1.653E-01 1.470E-01 1.326E-01
         1.115E-01 9.663E-02 8.096E-02 6.431E-02 4.633E-02 3.055E-02
         1.736E-02 1.252E-02 9.967E-03 7.291E-03 5.891E-03 5.025E-03
         3.221E-03 2.286E-03
C
FC2076   Dose-weighted Deuteron (2H+) stopping power (keV/um)
F2076:D  3
FM2076   0.1602
DE2076   1.000E-03 2.000E-03 3.000E-03 4.000E-03 5.000E-03 6.470E-03
         7.500E-03 1.000E-02 2.000E-02 3.000E-02 4.000E-02 5.000E-02
         6.000E-02 7.000E-02 8.000E-02 9.000E-02 1.000E-01 2.000E-01
         3.000E-01 5.000E-01 9.000E-01 1.000E+00 1.100E+00 1.300E+00
         1.500E+00 2.000E+00 2.500E+00 3.000E+00 3.500E+00 4.000E+00
         5.000E+00 6.000E+00 7.500E+00 1.000E+01 1.500E+01 2.500E+01
         5.000E+01 7.500E+01 1.000E+02 1.500E+02 2.000E+02 2.500E+02
         5.000E+02 1.000E+03
DF2076   1.557E+01 1.737E+01 1.924E+01 2.112E+01 2.296E+01 2.557E+01
         2.733E+01 3.134E+01 4.425E+01 5.344E+01 6.014E+01 6.511E+01
         6.884E+01 7.165E+01 7.376E+01 7.533E+01 7.647E+01 7.694E+01
         7.147E+01 6.024E+01 4.501E+01 4.234E+01 3.998E+01 3.601E+01
         3.279E+01 2.693E+01 2.295E+01 2.007E+01 1.789E+01 1.616E+01
         1.361E+01 1.181E+01 9.904E+00 7.873E+00 5.676E+00 3.743E+00
         2.127E+00 1.534E+00 1.222E+00 8.937E-01 7.220E-01 6.159E-01
         3.948E-01 2.802E-01
C  ***   ------------------------------------------------------------


