ELECTRON (e-) DOSE-RESPONSE FUNCTIONS FOR USE IN MCNPX (August 15, 2013)
Data generated by RDS using MCDS Version 3.10A  05-DEC-2011

C  ***   ============================================================
C  ***            Electron (e-) DOSE, RBE AND RELATED TALLIES
C  ***   ------------------------------------------------------------
FC916    Electron (e-) Absorbed Dose
F916:E  3
FM916    0.1602
C
FC916    RBE-weighted Electron (e-) dose; DSB induction (aerobic)
F916:E  3
FM916    0.1602
DE916    1.000E-05 2.000E-05 3.000E-05 4.000E-05 5.000E-05 6.000E-05
         7.000E-05 8.000E-05 9.000E-05 1.000E-04 2.000E-04 3.000E-04
         4.000E-04 5.000E-04 6.000E-04 7.000E-04 8.000E-04 9.000E-04
         1.000E-03 2.000E-03 3.000E-03 4.000E-03 5.000E-03 6.000E-03
         7.000E-03 8.000E-03 9.000E-03 1.000E-02 2.000E-02 3.000E-02
         4.000E-02 5.000E-02 6.000E-02 7.000E-02 8.000E-02 9.000E-02
         1.000E-01 2.000E-01 3.000E-01 4.000E-01 5.000E-01 1.000E+00
         1.000E+01 1.000E+02 1.000E+03
DF916    3.385E+00 3.354E+00 3.322E+00 3.279E+00 3.235E+00 3.191E+00
         3.140E+00 3.092E+00 3.047E+00 3.002E+00 2.601E+00 2.320E+00
         2.118E+00 1.966E+00 1.852E+00 1.760E+00 1.688E+00 1.627E+00
         1.573E+00 1.314E+00 1.215E+00 1.163E+00 1.129E+00 1.111E+00
         1.094E+00 1.083E+00 1.071E+00 1.062E+00 1.029E+00 1.016E+00
         1.011E+00 1.007E+00 1.006E+00 1.002E+00 1.002E+00 1.003E+00
         9.992E-01 9.963E-01 9.955E-01 9.948E-01 9.944E-01 9.925E-01
         9.910E-01 9.947E-01 9.947E-01
C
FC926   RBE-weighted Electron (e-) dose; DSB induction (anoxic)
F926:E  3
FM926   0.1602
DE926    1.000E-05 2.000E-05 3.000E-05 4.000E-05 5.000E-05 6.000E-05
         7.000E-05 8.000E-05 9.000E-05 1.000E-04 2.000E-04 3.000E-04
         4.000E-04 5.000E-04 6.000E-04 7.000E-04 8.000E-04 9.000E-04
         1.000E-03 2.000E-03 3.000E-03 4.000E-03 5.000E-03 6.000E-03
         7.000E-03 8.000E-03 9.000E-03 1.000E-02 2.000E-02 3.000E-02
         4.000E-02 5.000E-02 6.000E-02 7.000E-02 8.000E-02 9.000E-02
         1.000E-01 2.000E-01 3.000E-01 4.000E-01 5.000E-01 1.000E+00
         1.000E+01 1.000E+02 1.000E+03
DF926    9.839E+00 9.724E+00 9.590E+00 9.393E+00 9.174E+00 8.929E+00
         8.641E+00 8.359E+00 8.062E+00 7.761E+00 5.123E+00 3.657E+00
         2.887E+00 2.454E+00 2.187E+00 1.996E+00 1.876E+00 1.771E+00
         1.688E+00 1.343E+00 1.232E+00 1.171E+00 1.138E+00 1.118E+00
         1.096E+00 1.086E+00 1.070E+00 1.062E+00 1.030E+00 1.016E+00
         1.009E+00 1.005E+00 1.001E+00 1.001E+00 1.001E+00 1.002E+00
         9.975E-01 9.947E-01 9.951E-01 9.916E-01 9.940E-01 9.919E-01
         9.894E-01 9.946E-01 9.946E-01
C
FC936   Electron (e-) intra-track RMF interaction term (aerobic cells)
F936:E  3
FM936   0.1602
DE936    1.000E-05 2.000E-05 3.000E-05 4.000E-05 5.000E-05 6.000E-05
         7.000E-05 8.000E-05 9.000E-05 1.000E-04 2.000E-04 3.000E-04
         4.000E-04 5.000E-04 6.000E-04 7.000E-04 8.000E-04 9.000E-04
         1.000E-03 2.000E-03 3.000E-03 4.000E-03 5.000E-03 6.000E-03
         7.000E-03 8.000E-03 9.000E-03 1.000E-02 2.000E-02 3.000E-02
         4.000E-02 5.000E-02 6.000E-02 7.000E-02 8.000E-02 9.000E-02
         1.000E-01 2.000E-01 3.000E-01 4.000E-01 5.000E-01 1.000E+00
         1.000E+01 1.000E+02 1.000E+03
DF936    1.940E-02 3.810E-02 5.605E-02 7.282E-02 8.862E-02 1.035E-01
         1.168E-01 1.295E-01 1.415E-01 1.526E-01 2.291E-01 2.734E-01
         3.039E-01 3.274E-01 3.486E-01 3.671E-01 3.861E-01 4.035E-01
         4.189E-01 5.847E-01 7.486E-01 9.101E-01 1.067E+00 1.226E+00
         1.365E+00 1.495E+00 1.592E+00 1.667E+00 9.033E-01 6.016E-01
         4.692E-01 3.906E-01 3.397E-01 3.014E-01 2.746E-01 2.538E-01
         2.352E-01 1.574E-01 1.320E-01 1.197E-01 1.129E-01 1.017E-01
         1.088E-01 1.235E-01 1.346E-01
C
FC946   Electron (e-) intra-track RMF interaction term (anoxic cells)
F946:E  3
FM946   0.1602
DE946    1.000E-05 2.000E-05 3.000E-05 4.000E-05 5.000E-05 6.000E-05
         7.000E-05 8.000E-05 9.000E-05 1.000E-04 2.000E-04 3.000E-04
         4.000E-04 5.000E-04 6.000E-04 7.000E-04 8.000E-04 9.000E-04
         1.000E-03 2.000E-03 3.000E-03 4.000E-03 5.000E-03 6.000E-03
         7.000E-03 8.000E-03 9.000E-03 1.000E-02 2.000E-02 3.000E-02
         4.000E-02 5.000E-02 6.000E-02 7.000E-02 8.000E-02 9.000E-02
         1.000E-01 2.000E-01 3.000E-01 4.000E-01 5.000E-01 1.000E+00
         1.000E+01 1.000E+02 1.000E+03
DF946    1.936E-02 3.781E-02 5.517E-02 7.057E-02 8.416E-02 9.567E-02
         1.045E-01 1.118E-01 1.170E-01 1.205E-01 1.050E-01 8.022E-02
         6.669E-02 6.023E-02 5.737E-02 5.572E-02 5.632E-02 5.647E-02
         5.696E-02 7.208E-02 9.081E-02 1.090E-01 1.280E-01 1.465E-01
         1.618E-01 1.775E-01 1.876E-01 1.968E-01 1.069E-01 7.113E-02
         5.519E-02 4.597E-02 3.975E-02 3.554E-02 3.236E-02 2.995E-02
         2.768E-02 1.853E-02 1.557E-02 1.405E-02 1.332E-02 1.199E-02
         1.280E-02 1.458E-02 1.590E-02
C
FC956   Dose-weighted frequency-mean specific energy (ndia=5 um)
F956:E  3
FM956   0.1602
DE956    1.000E-05 2.000E-05 3.000E-05 4.000E-05 5.000E-05 6.000E-05
         7.000E-05 8.000E-05 9.000E-05 1.000E-04 2.000E-04 3.000E-04
         4.000E-04 5.000E-04 6.000E-04 7.000E-04 8.000E-04 9.000E-04
         1.000E-03 2.000E-03 3.000E-03 4.000E-03 5.000E-03 6.000E-03
         7.000E-03 8.000E-03 9.000E-03 1.000E-02 2.000E-02 3.000E-02
         4.000E-02 5.000E-02 6.000E-02 7.000E-02 8.000E-02 9.000E-02
         1.000E-01 2.000E-01 3.000E-01 4.000E-01 5.000E-01 1.000E+00
         1.000E+01 1.000E+02 1.000E+03
DF956    2.448E-05 4.895E-05 7.343E-05 9.791E-05 1.224E-04 1.469E-04
         1.713E-04 1.958E-04 2.203E-04 2.448E-04 4.895E-04 7.343E-04
         9.791E-04 1.224E-03 1.469E-03 1.713E-03 1.958E-03 2.203E-03
         2.447E-03 4.892E-03 7.326E-03 9.734E-03 1.209E-02 1.436E-02
         1.649E-02 1.843E-02 2.008E-02 2.137E-02 1.234E-02 8.429E-03
         6.632E-03 5.566E-03 4.853E-03 4.340E-03 3.953E-03 3.649E-03
         3.405E-03 2.293E-03 1.925E-03 1.749E-03 1.650E-03 1.492E-03
         1.601E-03 1.804E-03 1.967E-03
C
FC966   Dose-weighted Electron (e-) stopping power (keV/um)
F966:E  3
FM966   0.1602
DE966    1.000E-05 2.000E-05 3.000E-05 4.000E-05 5.000E-05 6.000E-05
         7.000E-05 8.000E-05 9.000E-05 1.000E-04 2.000E-04 3.000E-04
         4.000E-04 5.000E-04 6.000E-04 7.000E-04 8.000E-04 9.000E-04
         1.000E-03 2.000E-03 3.000E-03 4.000E-03 5.000E-03 6.000E-03
         7.000E-03 8.000E-03 9.000E-03 1.000E-02 2.000E-02 3.000E-02
         4.000E-02 5.000E-02 6.000E-02 7.000E-02 8.000E-02 9.000E-02
         1.000E-01 2.000E-01 3.000E-01 4.000E-01 5.000E-01 1.000E+00
         1.000E+01 1.000E+02 1.000E+03
DF966    1.632E+01 2.020E+01 2.159E+01 2.213E+01 2.229E+01 2.227E+01
         2.214E+01 2.195E+01 2.172E+01 2.148E+01 1.896E+01 1.695E+01
         1.537E+01 1.412E+01 1.309E+01 1.222E+01 1.148E+01 1.084E+01
         1.028E+01 6.955E+00 5.375E+00 4.428E+00 3.788E+00 3.324E+00
         2.971E+00 2.692E+00 2.465E+00 2.278E+00 1.340E+00 9.811E-01
         7.894E-01 6.693E-01 5.869E-01 5.267E-01 4.807E-01 4.445E-01
         4.153E-01 2.806E-01 2.358E-01 2.144E-01 2.022E-01 1.829E-01
         1.962E-01 2.212E-01 2.420E-01
C  ***   ------------------------------------------------------------


