3He DOSE-RESPONSE FUNCTIONS FOR USE IN MCNPX (August 23, 2013)
Data generated by RDS using MCDS Version 3.10A  05-DEC-2011

C  ***   ============================================================
C  ***            3He-Alpha (3He2+) DOSE, RBE AND RELATED TALLIES
C  ***   ------------------------------------------------------------
FC4016   3He-Alpha (3He2+) Absorbed Dose
F4016:S  3
FM4016   0.1602
C
FC4026   RBE-weighted 3He-Alpha (3He2+) dose; DSB induction (aerobic)
F4026:S  3
FM4026   0.1602
DE4026   1.000E-03 1.500E-03 2.000E-03 2.500E-03 3.000E-03 4.000E-03
         5.000E-03 6.000E-03 7.000E-03 8.000E-03 9.000E-03 1.000E-02
         1.250E-02 1.500E-02 1.750E-02 2.000E-02 2.250E-02 2.500E-02
         2.750E-02 3.000E-02 3.500E-02 4.000E-02 4.500E-02 5.000E-02
         5.500E-02 6.000E-02 6.500E-02 7.000E-02 7.500E-02 8.000E-02
         8.500E-02 9.000E-02 9.500E-02 1.000E-01 1.250E-01 1.500E-01
         1.750E-01 2.000E-01 2.250E-01 2.500E-01 2.750E-01 3.000E-01
         3.500E-01 4.000E-01 4.500E-01 5.000E-01 5.500E-01 6.000E-01
         6.500E-01 7.000E-01 7.500E-01 8.000E-01 8.500E-01 9.000E-01
         9.500E-01 1.000E+00 1.250E+00 1.500E+00 1.750E+00 2.000E+00
         2.250E+00 2.500E+00 2.750E+00 3.000E+00 3.500E+00 4.000E+00
         4.500E+00 5.000E+00 5.500E+00 6.000E+00 6.500E+00 7.000E+00
         7.500E+00 8.000E+00 8.500E+00 9.000E+00 9.500E+00 1.000E+01
         1.250E+01 1.500E+01 1.750E+01 2.000E+01 2.500E+01 2.750E+01
         3.000E+01 3.500E+01 4.000E+01 4.500E+01 5.000E+01 5.500E+01
         6.000E+01 6.500E+01 7.000E+01 7.500E+01 8.000E+01 8.500E+01
         9.000E+01 9.500E+01 1.000E+02 1.250E+02 1.500E+02 1.750E+02
         2.000E+02 2.250E+02 2.500E+02 2.750E+02 3.000E+02 3.500E+02
         4.000E+02 4.500E+02 5.000E+02 5.500E+02 6.000E+02 6.500E+02
         7.000E+02 7.500E+02 8.000E+02 8.500E+02 9.000E+02 9.500E+02
         1.000E+03 2.000E+03 5.000E+03 7.500E+03 1.000E+04
C
DF4026   3.382E+00 3.382E+00 3.382E+00 3.381E+00 3.380E+00 3.381E+00
         3.378E+00 3.381E+00 3.378E+00 3.378E+00 3.377E+00 3.376E+00
         3.377E+00 3.377E+00 3.375E+00 3.375E+00 3.374E+00 3.374E+00
         3.372E+00 3.373E+00 3.372E+00 3.370E+00 3.368E+00 3.369E+00
         3.367E+00 3.366E+00 3.365E+00 3.364E+00 3.365E+00 3.363E+00
         3.363E+00 3.363E+00 3.359E+00 3.358E+00 3.356E+00 3.348E+00
         3.349E+00 3.340E+00 3.337E+00 3.333E+00 3.327E+00 3.324E+00
         3.315E+00 3.306E+00 3.297E+00 3.289E+00 3.281E+00 3.270E+00
         3.260E+00 3.253E+00 3.242E+00 3.231E+00 3.221E+00 3.211E+00
         3.202E+00 3.193E+00 3.144E+00 3.095E+00 3.047E+00 2.996E+00
         2.947E+00 2.901E+00 2.852E+00 2.809E+00 2.723E+00 2.646E+00
         2.571E+00 2.502E+00 2.438E+00 2.377E+00 2.323E+00 2.272E+00
         2.224E+00 2.178E+00 2.140E+00 2.101E+00 2.065E+00 2.031E+00
         1.886E+00 1.778E+00 1.692E+00 1.625E+00 1.522E+00 1.483E+00
         1.448E+00 1.392E+00 1.347E+00 1.314E+00 1.286E+00 1.262E+00
         1.241E+00 1.223E+00 1.209E+00 1.195E+00 1.185E+00 1.175E+00
         1.166E+00 1.156E+00 1.149E+00 1.121E+00 1.100E+00 1.087E+00
         1.076E+00 1.067E+00 1.062E+00 1.062E+00 1.050E+00 1.044E+00
         1.038E+00 1.035E+00 1.030E+00 1.027E+00 1.027E+00 1.024E+00
         1.022E+00 1.020E+00 1.020E+00 1.018E+00 1.018E+00 1.016E+00
         1.016E+00 1.008E+00 1.004E+00 1.004E+00 1.001E+00
C
FC4036   RBE-weighted 3He-Alpha (3He2+) dose; DSB induction (anoxic)
F4036:S  3
FM4036   0.1602
DE4036   1.000E-03 1.500E-03 2.000E-03 2.500E-03 3.000E-03 4.000E-03
         5.000E-03 6.000E-03 7.000E-03 8.000E-03 9.000E-03 1.000E-02
         1.250E-02 1.500E-02 1.750E-02 2.000E-02 2.250E-02 2.500E-02
         2.750E-02 3.000E-02 3.500E-02 4.000E-02 4.500E-02 5.000E-02
         5.500E-02 6.000E-02 6.500E-02 7.000E-02 7.500E-02 8.000E-02
         8.500E-02 9.000E-02 9.500E-02 1.000E-01 1.250E-01 1.500E-01
         1.750E-01 2.000E-01 2.250E-01 2.500E-01 2.750E-01 3.000E-01
         3.500E-01 4.000E-01 4.500E-01 5.000E-01 5.500E-01 6.000E-01
         6.500E-01 7.000E-01 7.500E-01 8.000E-01 8.500E-01 9.000E-01
         9.500E-01 1.000E+00 1.250E+00 1.500E+00 1.750E+00 2.000E+00
         2.250E+00 2.500E+00 2.750E+00 3.000E+00 3.500E+00 4.000E+00
         4.500E+00 5.000E+00 5.500E+00 6.000E+00 6.500E+00 7.000E+00
         7.500E+00 8.000E+00 8.500E+00 9.000E+00 9.500E+00 1.000E+01
         1.250E+01 1.500E+01 1.750E+01 2.000E+01 2.500E+01 2.750E+01
         3.000E+01 3.500E+01 4.000E+01 4.500E+01 5.000E+01 5.500E+01
         6.000E+01 6.500E+01 7.000E+01 7.500E+01 8.000E+01 8.500E+01
         9.000E+01 9.500E+01 1.000E+02 1.250E+02 1.500E+02 1.750E+02
         2.000E+02 2.250E+02 2.500E+02 2.750E+02 3.000E+02 3.500E+02
         4.000E+02 4.500E+02 5.000E+02 5.500E+02 6.000E+02 6.500E+02
         7.000E+02 7.500E+02 8.000E+02 8.500E+02 9.000E+02 9.500E+02
         1.000E+03 2.000E+03 5.000E+03 7.500E+03 1.000E+04
DF4036   9.833E+00 9.832E+00 9.832E+00 9.830E+00 9.827E+00 9.829E+00
         9.821E+00 9.829E+00 9.823E+00 9.822E+00 9.817E+00 9.816E+00
         9.820E+00 9.819E+00 9.804E+00 9.803E+00 9.802E+00 9.800E+00
         9.798E+00 9.794E+00 9.794E+00 9.790E+00 9.784E+00 9.786E+00
         9.779E+00 9.778E+00 9.766E+00 9.760E+00 9.764E+00 9.759E+00
         9.760E+00 9.760E+00 9.749E+00 9.745E+00 9.727E+00 9.706E+00
         9.698E+00 9.672E+00 9.653E+00 9.631E+00 9.616E+00 9.597E+00
         9.561E+00 9.514E+00 9.478E+00 9.432E+00 9.389E+00 9.346E+00
         9.297E+00 9.255E+00 9.202E+00 9.149E+00 9.101E+00 9.039E+00
         8.992E+00 8.944E+00 8.665E+00 8.363E+00 8.051E+00 7.728E+00
         7.407E+00 7.087E+00 6.779E+00 6.484E+00 5.899E+00 5.398E+00
         4.946E+00 4.546E+00 4.214E+00 3.924E+00 3.669E+00 3.453E+00
         3.262E+00 3.096E+00 2.955E+00 2.837E+00 2.718E+00 2.622E+00
         2.260E+00 2.037E+00 1.879E+00 1.768E+00 1.613E+00 1.559E+00
         1.512E+00 1.439E+00 1.386E+00 1.343E+00 1.310E+00 1.284E+00
         1.258E+00 1.238E+00 1.224E+00 1.209E+00 1.197E+00 1.185E+00
         1.175E+00 1.166E+00 1.157E+00 1.128E+00 1.101E+00 1.089E+00
         1.079E+00 1.068E+00 1.062E+00 1.062E+00 1.050E+00 1.045E+00
         1.037E+00 1.036E+00 1.028E+00 1.026E+00 1.024E+00 1.021E+00
         1.021E+00 1.019E+00 1.020E+00 1.017E+00 1.016E+00 1.015E+00
         1.017E+00 1.004E+00 1.004E+00 1.003E+00 1.000E+00
C
FC4046   3He-Alpha (3He2+) intra-track RMF interaction term (aerobic cells)
F4046:S  3
FM4046   0.1602
DE4046   1.000E-03 1.500E-03 2.000E-03 2.500E-03 3.000E-03 4.000E-03
         5.000E-03 6.000E-03 7.000E-03 8.000E-03 9.000E-03 1.000E-02
         1.250E-02 1.500E-02 1.750E-02 2.000E-02 2.250E-02 2.500E-02
         2.750E-02 3.000E-02 3.500E-02 4.000E-02 4.500E-02 5.000E-02
         5.500E-02 6.000E-02 6.500E-02 7.000E-02 7.500E-02 8.000E-02
         8.500E-02 9.000E-02 9.500E-02 1.000E-01 1.250E-01 1.500E-01
         1.750E-01 2.000E-01 2.250E-01 2.500E-01 2.750E-01 3.000E-01
         3.500E-01 4.000E-01 4.500E-01 5.000E-01 5.500E-01 6.000E-01
         6.500E-01 7.000E-01 7.500E-01 8.000E-01 8.500E-01 9.000E-01
         9.500E-01 1.000E+00 1.250E+00 1.500E+00 1.750E+00 2.000E+00
         2.250E+00 2.500E+00 2.750E+00 3.000E+00 3.500E+00 4.000E+00
         4.500E+00 5.000E+00 5.500E+00 6.000E+00 6.500E+00 7.000E+00
         7.500E+00 8.000E+00 8.500E+00 9.000E+00 9.500E+00 1.000E+01
         1.250E+01 1.500E+01 1.750E+01 2.000E+01 2.500E+01 2.750E+01
         3.000E+01 3.500E+01 4.000E+01 4.500E+01 5.000E+01 5.500E+01
         6.000E+01 6.500E+01 7.000E+01 7.500E+01 8.000E+01 8.500E+01
         9.000E+01 9.500E+01 1.000E+02 1.250E+02 1.500E+02 1.750E+02
         2.000E+02 2.250E+02 2.500E+02 2.750E+02 3.000E+02 3.500E+02
         4.000E+02 4.500E+02 5.000E+02 5.500E+02 6.000E+02 6.500E+02
         7.000E+02 7.500E+02 8.000E+02 8.500E+02 9.000E+02 9.500E+02
         1.000E+03 2.000E+03 5.000E+03 7.500E+03 1.000E+04
DF4046   1.937E+00 2.904E+00 3.873E+00 4.838E+00 5.803E+00 7.740E+00
         9.660E+00 1.160E+01 1.353E+01 1.545E+01 1.736E+01 1.928E+01
         2.411E+01 2.893E+01 3.370E+01 3.849E+01 4.326E+01 4.805E+01
         5.277E+01 5.758E+01 6.707E+01 7.654E+01 8.594E+01 9.547E+01
         1.048E+02 1.142E+02 1.236E+02 1.328E+02 1.422E+02 1.515E+02
         1.608E+02 1.701E+02 1.790E+02 1.882E+02 2.339E+02 2.782E+02
         3.234E+02 3.660E+02 4.093E+02 4.516E+02 4.928E+02 5.341E+02
         6.136E+02 6.898E+02 7.626E+02 8.320E+02 8.964E+02 9.555E+02
         1.010E+03 1.059E+03 1.100E+03 1.133E+03 1.160E+03 1.178E+03
         1.190E+03 1.194E+03 1.127E+03 9.885E+02 8.613E+02 7.561E+02
         6.712E+02 6.013E+02 5.418E+02 4.926E+02 4.121E+02 3.518E+02
         3.036E+02 2.652E+02 2.338E+02 2.079E+02 1.866E+02 1.684E+02
         1.529E+02 1.394E+02 1.283E+02 1.182E+02 1.094E+02 1.017E+02
         7.339E+01 5.642E+01 4.516E+01 3.741E+01 2.743E+01 2.410E+01
         2.141E+01 1.749E+01 1.469E+01 1.270E+01 1.117E+01 9.957E+00
         8.973E+00 8.170E+00 7.516E+00 6.949E+00 6.486E+00 6.071E+00
         5.706E+00 5.374E+00 5.092E+00 4.052E+00 3.375E+00 2.924E+00
         2.581E+00 2.319E+00 2.117E+00 1.971E+00 1.807E+00 1.595E+00
         1.433E+00 1.313E+00 1.209E+00 1.129E+00 1.065E+00 1.007E+00
         9.579E-01 9.147E-01 8.807E-01 8.471E-01 8.194E-01 7.928E-01
         7.700E-01 5.548E-01 4.411E-01 4.233E-01 4.139E-01
C
FC4056   3He-Alpha (3He2+) intra-track RMF interaction term (anoxic cells)
F4056:S  3
FM4056   0.1602
DE4056   1.000E-03 1.500E-03 2.000E-03 2.500E-03 3.000E-03 4.000E-03
         5.000E-03 6.000E-03 7.000E-03 8.000E-03 9.000E-03 1.000E-02
         1.250E-02 1.500E-02 1.750E-02 2.000E-02 2.250E-02 2.500E-02
         2.750E-02 3.000E-02 3.500E-02 4.000E-02 4.500E-02 5.000E-02
         5.500E-02 6.000E-02 6.500E-02 7.000E-02 7.500E-02 8.000E-02
         8.500E-02 9.000E-02 9.500E-02 1.000E-01 1.250E-01 1.500E-01
         1.750E-01 2.000E-01 2.250E-01 2.500E-01 2.750E-01 3.000E-01
         3.500E-01 4.000E-01 4.500E-01 5.000E-01 5.500E-01 6.000E-01
         6.500E-01 7.000E-01 7.500E-01 8.000E-01 8.500E-01 9.000E-01
         9.500E-01 1.000E+00 1.250E+00 1.500E+00 1.750E+00 2.000E+00
         2.250E+00 2.500E+00 2.750E+00 3.000E+00 3.500E+00 4.000E+00
         4.500E+00 5.000E+00 5.500E+00 6.000E+00 6.500E+00 7.000E+00
         7.500E+00 8.000E+00 8.500E+00 9.000E+00 9.500E+00 1.000E+01
         1.250E+01 1.500E+01 1.750E+01 2.000E+01 2.500E+01 2.750E+01
         3.000E+01 3.500E+01 4.000E+01 4.500E+01 5.000E+01 5.500E+01
         6.000E+01 6.500E+01 7.000E+01 7.500E+01 8.000E+01 8.500E+01
         9.000E+01 9.500E+01 1.000E+02 1.250E+02 1.500E+02 1.750E+02
         2.000E+02 2.250E+02 2.500E+02 2.750E+02 3.000E+02 3.500E+02
         4.000E+02 4.500E+02 5.000E+02 5.500E+02 6.000E+02 6.500E+02
         7.000E+02 7.500E+02 8.000E+02 8.500E+02 9.000E+02 9.500E+02
         1.000E+03 2.000E+03 5.000E+03 7.500E+03 1.000E+04
DF4056   1.934E+00 2.899E+00 3.866E+00 4.830E+00 5.792E+00 7.726E+00
         9.644E+00 1.158E+01 1.350E+01 1.542E+01 1.733E+01 1.925E+01
         2.407E+01 2.888E+01 3.358E+01 3.835E+01 4.311E+01 4.787E+01
         5.253E+01 5.733E+01 6.683E+01 7.626E+01 8.562E+01 9.513E+01
         1.044E+02 1.138E+02 1.229E+02 1.321E+02 1.414E+02 1.506E+02
         1.599E+02 1.692E+02 1.780E+02 1.871E+02 2.321E+02 2.762E+02
         3.203E+02 3.625E+02 4.045E+02 4.454E+02 4.862E+02 5.258E+02
         6.027E+02 6.746E+02 7.442E+02 8.082E+02 8.671E+02 9.219E+02
         9.695E+02 1.013E+03 1.047E+03 1.073E+03 1.093E+03 1.103E+03
         1.108E+03 1.107E+03 1.010E+03 8.525E+02 7.101E+02 5.942E+02
         5.006E+02 4.239E+02 3.614E+02 3.099E+02 2.284E+02 1.729E+02
         1.326E+02 1.034E+02 8.253E+01 6.689E+01 5.495E+01 4.592E+01
         3.885E+01 3.326E+01 2.889E+01 2.545E+01 2.239E+01 2.000E+01
         1.244E+01 8.744E+00 6.578E+00 5.228E+00 3.640E+00 3.148E+00
         2.757E+00 2.206E+00 1.836E+00 1.567E+00 1.369E+00 1.217E+00
         1.089E+00 9.893E-01 9.108E-01 8.390E-01 7.809E-01 7.291E-01
         6.844E-01 6.453E-01 6.094E-01 4.843E-01 3.996E-01 3.463E-01
         3.064E-01 2.743E-01 2.502E-01 2.329E-01 2.133E-01 1.887E-01
         1.690E-01 1.552E-01 1.423E-01 1.330E-01 1.252E-01 1.183E-01
         1.130E-01 1.079E-01 1.040E-01 9.969E-02 9.638E-02 9.341E-02
         9.108E-02 6.507E-02 5.207E-02 4.991E-02 4.884E-02
C
FC4066   Dose-weighted frequency-mean specific energy (ndia=5 um)
F4066:S  3
FM4066   0.1602
DE4066   1.000E-03 1.500E-03 2.000E-03 2.500E-03 3.000E-03 4.000E-03
         5.000E-03 6.000E-03 7.000E-03 8.000E-03 9.000E-03 1.000E-02
         1.250E-02 1.500E-02 1.750E-02 2.000E-02 2.250E-02 2.500E-02
         2.750E-02 3.000E-02 3.500E-02 4.000E-02 4.500E-02 5.000E-02
         5.500E-02 6.000E-02 6.500E-02 7.000E-02 7.500E-02 8.000E-02
         8.500E-02 9.000E-02 9.500E-02 1.000E-01 1.250E-01 1.500E-01
         1.750E-01 2.000E-01 2.250E-01 2.500E-01 2.750E-01 3.000E-01
         3.500E-01 4.000E-01 4.500E-01 5.000E-01 5.500E-01 6.000E-01
         6.500E-01 7.000E-01 7.500E-01 8.000E-01 8.500E-01 9.000E-01
         9.500E-01 1.000E+00 1.250E+00 1.500E+00 1.750E+00 2.000E+00
         2.250E+00 2.500E+00 2.750E+00 3.000E+00 3.500E+00 4.000E+00
         4.500E+00 5.000E+00 5.500E+00 6.000E+00 6.500E+00 7.000E+00
         7.500E+00 8.000E+00 8.500E+00 9.000E+00 9.500E+00 1.000E+01
         1.250E+01 1.500E+01 1.750E+01 2.000E+01 2.500E+01 2.750E+01
         3.000E+01 3.500E+01 4.000E+01 4.500E+01 5.000E+01 5.500E+01
         6.000E+01 6.500E+01 7.000E+01 7.500E+01 8.000E+01 8.500E+01
         9.000E+01 9.500E+01 1.000E+02 1.250E+02 1.500E+02 1.750E+02
         2.000E+02 2.250E+02 2.500E+02 2.750E+02 3.000E+02 3.500E+02
         4.000E+02 4.500E+02 5.000E+02 5.500E+02 6.000E+02 6.500E+02
         7.000E+02 7.500E+02 8.000E+02 8.500E+02 9.000E+02 9.500E+02
         1.000E+03 2.000E+03 5.000E+03 7.500E+03 1.000E+04
DF4066   2.448E-03 3.671E-03 4.895E-03 6.119E-03 7.342E-03 9.789E-03
         1.224E-02 1.468E-02 1.713E-02 1.957E-02 2.201E-02 2.446E-02
         3.056E-02 3.666E-02 4.276E-02 4.885E-02 5.493E-02 6.102E-02
         6.709E-02 7.316E-02 8.529E-02 9.741E-02 1.095E-01 1.216E-01
         1.336E-01 1.457E-01 1.577E-01 1.697E-01 1.816E-01 1.936E-01
         2.055E-01 2.174E-01 2.293E-01 2.412E-01 3.003E-01 3.588E-01
         4.169E-01 4.744E-01 5.314E-01 5.878E-01 6.436E-01 6.988E-01
         8.072E-01 9.123E-01 1.014E+00 1.112E+00 1.204E+00 1.292E+00
         1.373E+00 1.447E+00 1.513E+00 1.569E+00 1.616E+00 1.652E+00
         1.678E+00 1.694E+00 1.647E+00 1.492E+00 1.341E+00 1.218E+00
         1.117E+00 1.033E+00 9.627E-01 9.022E-01 8.035E-01 7.262E-01
         6.638E-01 6.122E-01 5.688E-01 5.317E-01 4.996E-01 4.715E-01
         4.468E-01 4.247E-01 4.049E-01 3.871E-01 3.709E-01 3.562E-01
         2.983E-01 2.580E-01 2.280E-01 2.048E-01 1.712E-01 1.585E-01
         1.477E-01 1.304E-01 1.170E-01 1.064E-01 9.768E-02 9.041E-02
         8.425E-02 7.896E-02 7.436E-02 7.032E-02 6.675E-02 6.356E-02
         6.069E-02 5.811E-02 5.576E-02 4.663E-02 4.035E-02 3.574E-02
         3.221E-02 2.942E-02 2.715E-02 2.527E-02 2.368E-02 2.116E-02
         1.923E-02 1.771E-02 1.648E-02 1.546E-02 1.461E-02 1.389E-02
         1.326E-02 1.271E-02 1.224E-02 1.181E-02 1.143E-02 1.110E-02
         1.079E-02 7.898E-03 6.327E-03 6.069E-03 5.975E-03
C
FC4076   Dose-weighted 3He-Alpha (3He2+) stopping power (keV/um)
F4076:S  3
FM4076   0.1602
DE4076   1.000E-03 1.500E-03 2.000E-03 2.500E-03 3.000E-03 4.000E-03
         5.000E-03 6.000E-03 7.000E-03 8.000E-03 9.000E-03 1.000E-02
         1.250E-02 1.500E-02 1.750E-02 2.000E-02 2.250E-02 2.500E-02
         2.750E-02 3.000E-02 3.500E-02 4.000E-02 4.500E-02 5.000E-02
         5.500E-02 6.000E-02 6.500E-02 7.000E-02 7.500E-02 8.000E-02
         8.500E-02 9.000E-02 9.500E-02 1.000E-01 1.250E-01 1.500E-01
         1.750E-01 2.000E-01 2.250E-01 2.500E-01 2.750E-01 3.000E-01
         3.500E-01 4.000E-01 4.500E-01 5.000E-01 5.500E-01 6.000E-01
         6.500E-01 7.000E-01 7.500E-01 8.000E-01 8.500E-01 9.000E-01
         9.500E-01 1.000E+00 1.250E+00 1.500E+00 1.750E+00 2.000E+00
         2.250E+00 2.500E+00 2.750E+00 3.000E+00 3.500E+00 4.000E+00
         4.500E+00 5.000E+00 5.500E+00 6.000E+00 6.500E+00 7.000E+00
         7.500E+00 8.000E+00 8.500E+00 9.000E+00 9.500E+00 1.000E+01
         1.250E+01 1.500E+01 1.750E+01 2.000E+01 2.500E+01 2.750E+01
         3.000E+01 3.500E+01 4.000E+01 4.500E+01 5.000E+01 5.500E+01
         6.000E+01 6.500E+01 7.000E+01 7.500E+01 8.000E+01 8.500E+01
         9.000E+01 9.500E+01 1.000E+02 1.250E+02 1.500E+02 1.750E+02
         2.000E+02 2.250E+02 2.500E+02 2.750E+02 3.000E+02 3.500E+02
         4.000E+02 4.500E+02 5.000E+02 5.500E+02 6.000E+02 6.500E+02
         7.000E+02 7.500E+02 8.000E+02 8.500E+02 9.000E+02 9.500E+02
         1.000E+03 2.000E+03 5.000E+03 7.500E+03 1.000E+04
DF4076   3.305E+01 3.329E+01 3.370E+01 3.425E+01 3.492E+01 3.647E+01
         3.817E+01 3.995E+01 4.174E+01 4.353E+01 4.529E+01 4.703E+01
         5.121E+01 5.516E+01 5.888E+01 6.241E+01 6.575E+01 6.892E+01
         7.195E+01 7.485E+01 8.030E+01 8.535E+01 9.008E+01 9.453E+01
         9.875E+01 1.028E+02 1.066E+02 1.103E+02 1.138E+02 1.173E+02
         1.206E+02 1.238E+02 1.270E+02 1.301E+02 1.444E+02 1.573E+02
         1.690E+02 1.795E+02 1.889E+02 1.971E+02 2.041E+02 2.101E+02
         2.190E+02 2.245E+02 2.272E+02 2.277E+02 2.267E+02 2.246E+02
         2.217E+02 2.183E+02 2.146E+02 2.107E+02 2.067E+02 2.027E+02
         1.987E+02 1.947E+02 1.764E+02 1.608E+02 1.476E+02 1.365E+02
         1.270E+02 1.188E+02 1.117E+02 1.054E+02 9.483E+01 8.634E+01
         7.934E+01 7.348E+01 6.848E+01 6.417E+01 6.042E+01 5.711E+01
         5.418E+01 5.156E+01 4.921E+01 4.708E+01 4.514E+01 4.337E+01
         3.641E+01 3.152E+01 2.788E+01 2.506E+01 2.095E+01 1.941E+01
         1.809E+01 1.597E+01 1.434E+01 1.303E+01 1.197E+01 1.108E+01
         1.032E+01 9.676E+00 9.112E+00 8.618E+00 8.180E+00 7.789E+00
         7.438E+00 7.121E+00 6.833E+00 5.715E+00 4.945E+00 4.381E+00
         3.948E+00 3.606E+00 3.328E+00 3.097E+00 2.903E+00 2.593E+00
         2.357E+00 2.170E+00 2.020E+00 1.895E+00 1.791E+00 1.702E+00
         1.625E+00 1.558E+00 1.500E+00 1.448E+00 1.402E+00 1.360E+00
         1.323E+00 9.681E-01 7.754E-01 7.438E-01 7.324E-01
C  ***   ------------------------------------------------------------


