PROTON DOSE-RESPONSE FUNCTIONS FOR USE IN MCNPX (October 9, 2013)
Data generated by RDS using MCDS Version 3.10A  05-DEC-2011


C  ***   ============================================================
C  ***            PROTON (1H+) DOSE, RBE AND RELATED TALLIES
C  ***   ------------------------------------------------------------
FC1016   Proton (1H+) Absorbed Dose
F1016:H  3
FM1016   0.1602
C
FC1026   RBE-weighted proton (1H+) dose; DSB induction (aerobic)
F1026:H  3
FM1026   0.1602
DE1026   1.000E-03 2.000E-03 3.000E-03 4.000E-03 5.000E-03 6.470E-03
         7.500E-03 1.000E-02 2.000E-02 3.000E-02 4.000E-02 5.000E-02
         6.000E-02 7.000E-02 8.000E-02 9.000E-02 1.000E-01 2.000E-01
         3.000E-01 5.000E-01 9.000E-01 1.000E+00 1.100E+00 1.300E+00
         1.500E+00 2.000E+00 2.500E+00 3.000E+00 3.500E+00 4.000E+00
         5.000E+00 6.000E+00 7.500E+00 1.000E+01 1.500E+01 2.500E+01
         5.000E+01 7.500E+01 1.000E+02 1.500E+02 2.000E+02 2.500E+02
         5.000E+02 1.000E+03
DF1026   3.375E+00 3.367E+00 3.368E+00 3.363E+00 3.359E+00 3.352E+00
         3.348E+00 3.340E+00 3.317E+00 3.290E+00 3.264E+00 3.242E+00
         3.216E+00 3.193E+00 3.168E+00 3.143E+00 3.122E+00 2.889E+00
         2.687E+00 2.370E+00 1.986E+00 1.916E+00 1.860E+00 1.760E+00
         1.685E+00 1.542E+00 1.451E+00 1.386E+00 1.336E+00 1.297E+00
         1.244E+00 1.204E+00 1.164E+00 1.123E+00 1.083E+00 1.051E+00
         1.026E+00 1.016E+00 1.012E+00 1.004E+00 1.004E+00 1.003E+00
         1.001E+00 9.995E-01
C
FC1036   RBE-weighted proton (1H+) dose; DSB induction (anoxic)
F1036:H  3
FM1036   0.1602
DE1036   1.000E-03 2.000E-03 3.000E-03 4.000E-03 5.000E-03 6.470E-03
         7.500E-03 1.000E-02 2.000E-02 3.000E-02 4.000E-02 5.000E-02
         6.000E-02 7.000E-02 8.000E-02 9.000E-02 1.000E-01 2.000E-01
         3.000E-01 5.000E-01 9.000E-01 1.000E+00 1.100E+00 1.300E+00
         1.500E+00 2.000E+00 2.500E+00 3.000E+00 3.500E+00 4.000E+00
         5.000E+00 6.000E+00 7.500E+00 1.000E+01 1.500E+01 2.500E+01
         5.000E+01 7.500E+01 1.000E+02 1.500E+02 2.000E+02 2.500E+02
         5.000E+02 1.000E+03
DF1036   9.805E+00 9.770E+00 9.775E+00 9.748E+00 9.739E+00 9.707E+00
         9.697E+00 9.663E+00 9.543E+00 9.425E+00 9.298E+00 9.179E+00
         9.041E+00 8.910E+00 8.764E+00 8.628E+00 8.481E+00 6.980E+00
         5.626E+00 3.864E+00 2.490E+00 2.326E+00 2.198E+00 1.997E+00
         1.860E+00 1.638E+00 1.518E+00 1.432E+00 1.370E+00 1.330E+00
         1.261E+00 1.218E+00 1.175E+00 1.130E+00 1.086E+00 1.047E+00
         1.026E+00 1.013E+00 1.011E+00 1.002E+00 1.002E+00 1.002E+00
         9.993E-01 9.977E-01
C
FC1046   Proton (1H+) zf x RBE x RBE (intra-track) term (aerobic cells)
F1046:H  3
FM1046   0.1602
DE1046   1.000E-03 2.000E-03 3.000E-03 4.000E-03 5.000E-03 6.470E-03
         7.500E-03 1.000E-02 2.000E-02 3.000E-02 4.000E-02 5.000E-02
         6.000E-02 7.000E-02 8.000E-02 9.000E-02 1.000E-01 2.000E-01
         3.000E-01 5.000E-01 9.000E-01 1.000E+00 1.100E+00 1.300E+00
         1.500E+00 2.000E+00 2.500E+00 3.000E+00 3.500E+00 4.000E+00
         5.000E+00 6.000E+00 7.500E+00 1.000E+01 1.500E+01 2.500E+01
         5.000E+01 7.500E+01 1.000E+02 1.500E+02 2.000E+02 2.500E+02
         5.000E+02 1.000E+03
DF1046   2.763E-02 5.499E-02 8.253E-02 1.097E-01 1.368E-01 1.762E-01
         2.037E-01 2.703E-01 5.322E-01 7.841E-01 1.028E+00 1.264E+00
         1.489E+00 1.708E+00 1.914E+00 2.112E+00 2.305E+00 3.632E+00
         3.789E+00 2.156E+00 9.674E-01 8.307E-01 7.276E-01 5.731E-01
         4.697E-01 3.144E-01 2.336E-01 1.845E-01 1.517E-01 1.285E-01
         9.884E-02 7.986E-02 6.226E-02 4.581E-02 3.059E-02 1.899E-02
         1.041E-02 7.456E-03 5.977E-03 4.434E-03 3.683E-03 3.211E-03
         2.275E-03 1.823E-03
C
C
FC1056   Proton (1H+) zf x RBE x RBE (intra-track) term (aerobic cells)
F1056:H  3
FM1056   0.1602
DE1056   1.000E-03 2.000E-03 3.000E-03 4.000E-03 5.000E-03 6.470E-03
         7.500E-03 1.000E-02 2.000E-02 3.000E-02 4.000E-02 5.000E-02
         6.000E-02 7.000E-02 8.000E-02 9.000E-02 1.000E-01 2.000E-01
         3.000E-01 5.000E-01 9.000E-01 1.000E+00 1.100E+00 1.300E+00
         1.500E+00 2.000E+00 2.500E+00 3.000E+00 3.500E+00 4.000E+00
         5.000E+00 6.000E+00 7.500E+00 1.000E+01 1.500E+01 2.500E+01
         5.000E+01 7.500E+01 1.000E+02 1.500E+02 2.000E+02 2.500E+02
         5.000E+02 1.000E+03
DF1056   2.327E-01 4.620E-01 6.936E-01 9.196E-01 1.147E+00 1.475E+00
         1.705E+00 2.258E+00 4.397E+00 6.423E+00 8.319E+00 1.011E+01
         1.174E+01 1.327E+01 1.462E+01 1.588E+01 1.698E+01 2.115E+01
         1.657E+01 5.719E+00 1.518E+00 1.221E+00 1.014E+00 7.361E-01
         5.716E-01 3.541E-01 2.554E-01 1.967E-01 1.592E-01 1.348E-01
         1.014E-01 8.161E-02 6.333E-02 4.635E-02 3.069E-02 1.884E-02
         1.039E-02 7.400E-03 5.952E-03 4.402E-03 3.665E-03 3.198E-03
         2.261E-03 1.813E-03
C
FC1066   Dose-weighted frequency-mean specific energy (ndia=5 um)
F1066:H  3
FM1066   0.1602
DE1066   1.000E-03 2.000E-03 3.000E-03 4.000E-03 5.000E-03 6.470E-03
         7.500E-03 1.000E-02 2.000E-02 3.000E-02 4.000E-02 5.000E-02
         6.000E-02 7.000E-02 8.000E-02 9.000E-02 1.000E-01 2.000E-01
         3.000E-01 5.000E-01 9.000E-01 1.000E+00 1.100E+00 1.300E+00
         1.500E+00 2.000E+00 2.500E+00 3.000E+00 3.500E+00 4.000E+00
         5.000E+00 6.000E+00 7.500E+00 1.000E+01 1.500E+01 2.500E+01
         5.000E+01 7.500E+01 1.000E+02 1.500E+02 2.000E+02 2.500E+02
         5.000E+02 1.000E+03
DF1066   2.448E-03 4.895E-03 7.341E-03 9.787E-03 1.223E-02 1.582E-02
         1.834E-02 2.445E-02 4.882E-02 7.312E-02 9.731E-02 1.214E-01
         1.453E-01 1.690E-01 1.925E-01 2.157E-01 2.387E-01 4.390E-01
         5.295E-01 3.873E-01 2.475E-01 2.283E-01 2.122E-01 1.866E-01
         1.670E-01 1.335E-01 1.120E-01 9.695E-02 8.576E-02 7.707E-02
         6.442E-02 5.559E-02 4.638E-02 3.668E-02 2.633E-02 1.736E-02
         9.971E-03 7.294E-03 5.893E-03 4.437E-03 3.690E-03 3.220E-03
         2.290E-03 1.842E-03
C
FC1076   Dose-weighted proton (1H+) stopping power (keV/um)
F1076:H  3
FM1076   0.1602
DE1076   1.000E-03 2.000E-03 3.000E-03 4.000E-03 5.000E-03 6.470E-03
         7.500E-03 1.000E-02 2.000E-02 3.000E-02 4.000E-02 5.000E-02
         6.000E-02 7.000E-02 8.000E-02 9.000E-02 1.000E-01 2.000E-01
         3.000E-01 5.000E-01 9.000E-01 1.000E+00 1.100E+00 1.300E+00
         1.500E+00 2.000E+00 2.500E+00 3.000E+00 3.500E+00 4.000E+00
         5.000E+00 6.000E+00 7.500E+00 1.000E+01 1.500E+01 2.500E+01
         5.000E+01 7.500E+01 1.000E+02 1.500E+02 2.000E+02 2.500E+02
         5.000E+02 1.000E+03
DF1076   1.737E+01 2.111E+01 2.474E+01 2.815E+01 3.134E+01 3.562E+01
         3.836E+01 4.424E+01 6.013E+01 6.883E+01 7.375E+01 7.647E+01
         7.782E+01 7.829E+01 7.819E+01 7.769E+01 7.694E+01 6.559E+01
         5.559E+01 4.236E+01 2.899E+01 2.694E+01 2.518E+01 2.232E+01
         2.008E+01 1.617E+01 1.362E+01 1.181E+01 1.046E+01 9.413E+00
         7.876E+00 6.802E+00 5.678E+00 4.493E+00 3.227E+00 2.128E+00
         1.222E+00 8.940E-01 7.223E-01 5.438E-01 4.514E-01 3.949E-01
         2.803E-01 2.257E-01
C
FC1086   Dose-weighted proton (1H+) low dose RBE (abr = 1 Gy, 100% O2)
F1086:H  3
FM1086   0.1602
DE1086   1.000E-03 2.000E-03 3.000E-03 4.000E-03 5.000E-03 6.470E-03
         7.500E-03 1.000E-02 2.000E-02 3.000E-02 4.000E-02 5.000E-02
         6.000E-02 7.000E-02 8.000E-02 9.000E-02 1.000E-01 2.000E-01
         3.000E-01 5.000E-01 9.000E-01 1.000E+00 1.100E+00 1.300E+00
         1.500E+00 2.000E+00 2.500E+00 3.000E+00 3.500E+00 4.000E+00
         5.000E+00 6.000E+00 7.500E+00 1.000E+01 1.500E+01 2.500E+01
         5.000E+01 7.500E+01 1.000E+02 1.500E+02 2.000E+02 2.500E+02
         5.000E+02 1.000E+03
DF1086   3.415E+00 3.462E+00 3.519E+00 3.568E+00 3.619E+00 3.691E+00
         3.742E+00 3.868E+00 4.370E+00 4.849E+00 5.313E+00 5.766E+00
         6.190E+00 6.608E+00 6.997E+00 7.368E+00 7.737E+00 1.017E+01
         1.028E+01 6.689E+00 3.919E+00 3.576E+00 3.312E+00 2.903E+00
         2.620E+00 2.166E+00 1.913E+00 1.750E+00 1.634E+00 1.549E+00
         1.437E+00 1.359E+00 1.284E+00 1.209E+00 1.139E+00 1.084E+00
         1.043E+00 1.026E+00 1.019E+00 1.009E+00 1.006E+00 1.005E+00
         1.001E+00 9.986E-01
C
FC1096   Dose-weighted proton (1H+) low dose RBE (abr = 3 Gy, 100% O2)
F1096:H  3
FM1096   0.1602
DE1096   1.000E-03 2.000E-03 3.000E-03 4.000E-03 5.000E-03 6.470E-03
         7.500E-03 1.000E-02 2.000E-02 3.000E-02 4.000E-02 5.000E-02
         6.000E-02 7.000E-02 8.000E-02 9.000E-02 1.000E-01 2.000E-01
         3.000E-01 5.000E-01 9.000E-01 1.000E+00 1.100E+00 1.300E+00
         1.500E+00 2.000E+00 2.500E+00 3.000E+00 3.500E+00 4.000E+00
         5.000E+00 6.000E+00 7.500E+00 1.000E+01 1.500E+01 2.500E+01
         5.000E+01 7.500E+01 1.000E+02 1.500E+02 2.000E+02 2.500E+02
         5.000E+02 1.000E+03
DF1096   3.378E+00 3.389E+00 3.408E+00 3.421E+00 3.435E+00 3.455E+00
         3.469E+00 3.506E+00 3.657E+00 3.798E+00 3.936E+00 4.071E+00
         4.195E+00 4.319E+00 4.432E+00 4.538E+00 4.647E+00 5.301E+00
         5.204E+00 3.799E+00 2.623E+00 2.462E+00 2.337E+00 2.135E+00
         1.991E+00 1.745E+00 1.600E+00 1.503E+00 1.431E+00 1.377E+00
         1.305E+00 1.252E+00 1.200E+00 1.148E+00 1.098E+00 1.058E+00
         1.029E+00 1.016E+00 1.011E+00 1.003E+00 1.002E+00 1.001E+00
         9.982E-01 9.962E-01
C
C
FC1106   Dose-weighted proton (1H+) low dose RBE (abr = 5 Gy, 100% O2)
F1106:H  3
FM1106   0.1602
DE1106   1.000E-03 2.000E-03 3.000E-03 4.000E-03 5.000E-03 6.470E-03
         7.500E-03 1.000E-02 2.000E-02 3.000E-02 4.000E-02 5.000E-02
         6.000E-02 7.000E-02 8.000E-02 9.000E-02 1.000E-01 2.000E-01
         3.000E-01 5.000E-01 9.000E-01 1.000E+00 1.100E+00 1.300E+00
         1.500E+00 2.000E+00 2.500E+00 3.000E+00 3.500E+00 4.000E+00
         5.000E+00 6.000E+00 7.500E+00 1.000E+01 1.500E+01 2.500E+01
         5.000E+01 7.500E+01 1.000E+02 1.500E+02 2.000E+02 2.500E+02
         5.000E+02 1.000E+03
DF1106   3.371E+00 3.374E+00 3.386E+00 3.391E+00 3.399E+00 3.408E+00
         3.414E+00 3.433E+00 3.515E+00 3.589E+00 3.661E+00 3.733E+00
         3.797E+00 3.862E+00 3.920E+00 3.974E+00 4.031E+00 4.330E+00
         4.192E+00 3.223E+00 2.364E+00 2.240E+00 2.143E+00 1.982E+00
         1.865E+00 1.661E+00 1.538E+00 1.454E+00 1.391E+00 1.343E+00
         1.278E+00 1.231E+00 1.184E+00 1.136E+00 1.090E+00 1.053E+00
         1.026E+00 1.014E+00 1.009E+00 1.002E+00 1.001E+00 9.999E-01
         9.976E-01 9.957E-01
C
FC1116   Dose-weighted proton (1H+) low dose RBE (abr = 10 Gy, 100% O2)
F1116:H  3
FM1116   0.1602
DE1116   1.000E-03 2.000E-03 3.000E-03 4.000E-03 5.000E-03 6.470E-03
         7.500E-03 1.000E-02 2.000E-02 3.000E-02 4.000E-02 5.000E-02
         6.000E-02 7.000E-02 8.000E-02 9.000E-02 1.000E-01 2.000E-01
         3.000E-01 5.000E-01 9.000E-01 1.000E+00 1.100E+00 1.300E+00
         1.500E+00 2.000E+00 2.500E+00 3.000E+00 3.500E+00 4.000E+00
         5.000E+00 6.000E+00 7.500E+00 1.000E+01 1.500E+01 2.500E+01
         5.000E+01 7.500E+01 1.000E+02 1.500E+02 2.000E+02 2.500E+02
         5.000E+02 1.000E+03
DF1116   3.365E+00 3.363E+00 3.369E+00 3.369E+00 3.371E+00 3.372E+00
         3.373E+00 3.379E+00 3.408E+00 3.432E+00 3.455E+00 3.480E+00
         3.499E+00 3.520E+00 3.537E+00 3.551E+00 3.569E+00 3.603E+00
         3.433E+00 2.791E+00 2.171E+00 2.074E+00 1.997E+00 1.867E+00
         1.771E+00 1.598E+00 1.491E+00 1.417E+00 1.360E+00 1.317E+00
         1.259E+00 1.215E+00 1.171E+00 1.127E+00 1.084E+00 1.050E+00
         1.024E+00 1.012E+00 1.008E+00 1.001E+00 9.998E-01 9.992E-01
         9.971E-01 9.953E-01
C
C  ***   ------------------------------------------------------------
