2H DOSE-RESPONSE FUNCTIONS FOR USE IN MCNPX (August 23, 2013)
Data generated by RDS using MCDS Version 3.10A  05-DEC-2011

C  ***   ============================================================
C  ***            Triton (3H+) DOSE, RBE AND RELATED TALLIES
C  ***   ------------------------------------------------------------
FC3016   Triton (3H+) Absorbed Dose
F3016:T  3
FM3016   0.1602
C
FC3026   RBE-weighted Triton (3H+) dose; DSB induction (aerobic)
F3026:T  3
FM3026   0.1602
DE3026   1.000E-03 2.000E-03 3.000E-03 4.000E-03 5.000E-03 6.470E-03
         7.500E-03 1.000E-02 2.000E-02 3.000E-02 4.000E-02 5.000E-02
         6.000E-02 7.000E-02 8.000E-02 9.000E-02 1.000E-01 2.000E-01
         3.000E-01 5.000E-01 9.000E-01 1.000E+00 1.100E+00 1.300E+00
         1.500E+00 2.000E+00 2.500E+00 3.000E+00 3.500E+00 4.000E+00
         5.000E+00 6.000E+00 7.500E+00 1.000E+01 1.500E+01 2.500E+01
         5.000E+01 7.500E+01 1.000E+02 1.500E+02 2.000E+02 2.500E+02
         5.000E+02 1.000E+03
DF3026   3.362E+00 3.359E+00 3.360E+00 3.355E+00 3.357E+00 3.353E+00
         3.354E+00 3.348E+00 3.336E+00 3.329E+00 3.318E+00 3.307E+00
         3.302E+00 3.293E+00 3.282E+00 3.274E+00 3.267E+00 3.185E+00
         3.107E+00 2.950E+00 2.673E+00 2.617E+00 2.556E+00 2.456E+00
         2.363E+00 2.169E+00 2.022E+00 1.907E+00 1.812E+00 1.737E+00
         1.619E+00 1.535E+00 1.443E+00 1.343E+00 1.237E+00 1.146E+00
         1.072E+00 1.041E+00 1.030E+00 1.019E+00 1.012E+00 1.007E+00
         1.001E+00 9.965E-01

C
FC3036   RBE-weighted Triton (3H+) dose; DSB induction (anoxic)
F3036:T  3
FM3036   0.1602
DE3036   1.000E-03 2.000E-03 3.000E-03 4.000E-03 5.000E-03 6.470E-03
         7.500E-03 1.000E-02 2.000E-02 3.000E-02 4.000E-02 5.000E-02
         6.000E-02 7.000E-02 8.000E-02 9.000E-02 1.000E-01 2.000E-01
         3.000E-01 5.000E-01 9.000E-01 1.000E+00 1.100E+00 1.300E+00
         1.500E+00 2.000E+00 2.500E+00 3.000E+00 3.500E+00 4.000E+00
         5.000E+00 6.000E+00 7.500E+00 1.000E+01 1.500E+01 2.500E+01
         5.000E+01 7.500E+01 1.000E+02 1.500E+02 2.000E+02 2.500E+02
         5.000E+02 1.000E+03
DF3036   9.755E+00 9.748E+00 9.750E+00 9.727E+00 9.732E+00 9.719E+00
         9.724E+00 9.696E+00 9.651E+00 9.621E+00 9.570E+00 9.528E+00
         9.490E+00 9.456E+00 9.401E+00 9.370E+00 9.325E+00 8.900E+00
         8.430E+00 7.427E+00 5.593E+00 5.218E+00 4.865E+00 4.303E+00
         3.843E+00 3.057E+00 2.600E+00 2.312E+00 2.098E+00 1.951E+00
         1.763E+00 1.635E+00 1.505E+00 1.372E+00 1.255E+00 1.154E+00
         1.073E+00 1.041E+00 1.030E+00 1.014E+00 1.011E+00 1.004E+00
         9.995E-01 9.979E-01
C
FC3046   Triton (3H+) intra-track RMF interaction term (aerobic cells)
F3046:T  3
FM3046   0.1602
DE3046   1.000E-03 2.000E-03 3.000E-03 4.000E-03 5.000E-03 6.470E-03
         7.500E-03 1.000E-02 2.000E-02 3.000E-02 4.000E-02 5.000E-02
         6.000E-02 7.000E-02 8.000E-02 9.000E-02 1.000E-01 2.000E-01
         3.000E-01 5.000E-01 9.000E-01 1.000E+00 1.100E+00 1.300E+00
         1.500E+00 2.000E+00 2.500E+00 3.000E+00 3.500E+00 4.000E+00
         5.000E+00 6.000E+00 7.500E+00 1.000E+01 1.500E+01 2.500E+01
         5.000E+01 7.500E+01 1.000E+02 1.500E+02 2.000E+02 2.500E+02
         5.000E+02 1.000E+03
DF3046   1.913E+00 3.821E+00 5.732E+00 7.619E+00 9.528E+00 1.229E+01
         1.426E+01 1.892E+01 3.742E+01 5.565E+01 7.340E+01 9.080E+01
         1.081E+02 1.248E+02 1.409E+02 1.571E+02 1.727E+02 3.043E+02
         3.803E+02 3.650E+02 2.375E+02 2.152E+02 1.946E+02 1.628E+02
         1.379E+02 9.612E+01 7.155E+01 5.589E+01 4.509E+01 3.752E+01
         2.757E+01 2.153E+01 1.601E+01 1.107E+01 6.795E+00 3.857E+00
         1.917E+00 1.300E+00 1.008E+00 7.148E-01 5.645E-01 4.719E-01
         2.862E-01 1.890E-01
C
FC3056   Triton (3H+) intra-track RMF interaction term (anoxic cells)
F3056:T  3
FM3056   0.1602
DE3056   1.000E-03 2.000E-03 3.000E-03 4.000E-03 5.000E-03 6.470E-03
         7.500E-03 1.000E-02 2.000E-02 3.000E-02 4.000E-02 5.000E-02
         6.000E-02 7.000E-02 8.000E-02 9.000E-02 1.000E-01 2.000E-01
         3.000E-01 5.000E-01 9.000E-01 1.000E+00 1.100E+00 1.300E+00
         1.500E+00 2.000E+00 2.500E+00 3.000E+00 3.500E+00 4.000E+00
         5.000E+00 6.000E+00 7.500E+00 1.000E+01 1.500E+01 2.500E+01
         5.000E+01 7.500E+01 1.000E+02 1.500E+02 2.000E+02 2.500E+02
         5.000E+02 1.000E+03
DF3056   1.902E+00 3.799E+00 5.700E+00 7.562E+00 9.454E+00 1.220E+01
         1.415E+01 1.874E+01 3.698E+01 5.489E+01 7.211E+01 8.900E+01
         1.054E+02 1.215E+02 1.366E+02 1.519E+02 1.662E+02 2.807E+02
         3.307E+02 2.732E+02 1.229E+02 1.011E+02 8.324E+01 5.901E+01
         4.304E+01 2.255E+01 1.397E+01 9.697E+00 7.136E+00 5.591E+00
         3.858E+00 2.885E+00 2.059E+00 1.364E+00 8.257E-01 4.618E-01
         2.269E-01 1.533E-01 1.190E-01 8.357E-02 6.650E-02 5.538E-02
         3.372E-02 2.239E-02
C
FC3066   Dose-weighted frequency-mean specific energy (ndia=5 um)
F3066:T  3
FM3066   0.1602
DE3066   1.000E-03 2.000E-03 3.000E-03 4.000E-03 5.000E-03 6.470E-03
         7.500E-03 1.000E-02 2.000E-02 3.000E-02 4.000E-02 5.000E-02
         6.000E-02 7.000E-02 8.000E-02 9.000E-02 1.000E-01 2.000E-01
         3.000E-01 5.000E-01 9.000E-01 1.000E+00 1.100E+00 1.300E+00
         1.500E+00 2.000E+00 2.500E+00 3.000E+00 3.500E+00 4.000E+00
         5.000E+00 6.000E+00 7.500E+00 1.000E+01 1.500E+01 2.500E+01
         5.000E+01 7.500E+01 1.000E+02 1.500E+02 2.000E+02 2.500E+02
         5.000E+02 1.000E+03
DF3066   2.447E-03 4.894E-03 7.340E-03 9.783E-03 1.222E-02 1.581E-02
         1.832E-02 2.440E-02 4.860E-02 7.259E-02 9.638E-02 1.200E-01
         1.433E-01 1.664E-01 1.892E-01 2.118E-01 2.340E-01 4.338E-01
         5.696E-01 6.062E-01 4.807E-01 4.543E-01 4.306E-01 3.900E-01
         3.568E-01 2.953E-01 2.530E-01 2.221E-01 1.985E-01 1.798E-01
         1.520E-01 1.322E-01 1.112E-01 8.872E-02 6.420E-02 4.247E-02
         2.412E-02 1.733E-02 1.374E-02 9.955E-03 7.965E-03 6.729E-03
         4.132E-03 2.752E-03
C
FC3076   Dose-weighted Triton (3H+) stopping power (keV/um)
F3076:T  3
FM3076   0.1602
DE3076   1.000E-03 2.000E-03 3.000E-03 4.000E-03 5.000E-03 6.470E-03
         7.500E-03 1.000E-02 2.000E-02 3.000E-02 4.000E-02 5.000E-02
         6.000E-02 7.000E-02 8.000E-02 9.000E-02 1.000E-01 2.000E-01
         3.000E-01 5.000E-01 9.000E-01 1.000E+00 1.100E+00 1.300E+00
         1.500E+00 2.000E+00 2.500E+00 3.000E+00 3.500E+00 4.000E+00
         5.000E+00 6.000E+00 7.500E+00 1.000E+01 1.500E+01 2.500E+01
         5.000E+01 7.500E+01 1.000E+02 1.500E+02 2.000E+02 2.500E+02
         5.000E+02 1.000E+03
DF3076   1.502E+01 1.616E+01 1.738E+01 1.863E+01 1.988E+01 2.171E+01
         2.297E+01 2.593E+01 3.619E+01 4.429E+01 5.074E+01 5.594E+01
         6.017E+01 6.365E+01 6.651E+01 6.887E+01 7.083E+01 7.822E+01
         7.692E+01 6.944E+01 5.554E+01 5.279E+01 5.029E+01 4.594E+01
         4.230E+01 3.539E+01 3.052E+01 2.690E+01 2.410E+01 2.187E+01
         1.853E+01 1.614E+01 1.360E+01 1.086E+01 7.863E+00 5.203E+00
         2.955E+00 2.124E+00 1.684E+00 1.220E+00 9.762E-01 8.248E-01
         5.064E-01 3.373E-01
C  ***   ------------------------------------------------------------


