Energy 4 			# in MeV 
Multiplicity PromptGamma 1.001918
Differential_cross_section PromptGamma 1 	 # Secondary particule & Nbr of rows (Energies) 
# 	Energy(MeV)	Int.(b/MeV)
	0.000000	4.285504e+09

#################################################################################################################################################

Energy 5 			# in MeV 
Multiplicity PromptGamma 1.001918
Differential_cross_section PromptGamma 24 	 # Secondary particule & Nbr of rows (Energies) 
# 	Energy(MeV)	Int.(b/MeV)
	0.250000	6.552686e-05
	0.500000	3.276301e-04
	0.750000	3.045239e-07
	1.000000	6.396649e-08
	1.250000	1.073727e-07
	1.500000	4.688005e-08
	1.750000	1.816522e-06
	2.000000	2.052147e-07
	2.250000	5.741522e-07
	2.500000	6.832767e-07
	2.750000	1.242030e-06
	3.000000	2.258157e-06
	3.250000	1.732347e-01
	3.500000	0.000000e+00
	3.750000	7.465167e-03
	4.000000	3.278243e-04
	4.250000	1.816522e-06
	4.500000	4.688005e-08
	4.750000	0.000000e+00
	5.000000	0.000000e+00
	5.250000	0.000000e+00
	5.500000	0.000000e+00
	5.750000	0.000000e+00
	6.000000	1.066967e-05

#################################################################################################################################################

Energy 6 			# in MeV 
Multiplicity PromptGamma 1.090018
Differential_cross_section PromptGamma 28 	 # Secondary particule & Nbr of rows (Energies) 
# 	Energy(MeV)	Int.(b/MeV)
	0.250000	1.073793e-02
	0.500000	5.368964e-02
	0.750000	5.721763e-03
	1.000000	5.630022e-08
	1.250000	5.964260e-05
	1.500000	8.585954e-06
	1.750000	2.868757e-06
	2.000000	1.373709e-05
	2.250000	3.420412e-07
	2.500000	1.627238e-06
	2.750000	1.610017e-06
	3.000000	2.501576e-06
	3.250000	4.416674e-01
	3.500000	0.000000e+00
	3.750000	1.655684e-01
	4.000000	5.369215e-02
	4.250000	3.071242e-06
	4.500000	1.660094e-07
	4.750000	0.000000e+00
	5.000000	0.000000e+00
	5.250000	1.612544e-05
	5.500000	0.000000e+00
	5.750000	0.000000e+00
	6.000000	0.000000e+00
	6.250000	0.000000e+00
	6.500000	0.000000e+00
	6.750000	0.000000e+00
	7.000000	8.717907e-06

#################################################################################################################################################

Energy 7 			# in MeV 
Multiplicity PromptGamma 1.191813
Differential_cross_section PromptGamma 32 	 # Secondary particule & Nbr of rows (Energies) 
# 	Energy(MeV)	Int.(b/MeV)
	0.250000	4.462008e-02
	0.500000	2.231004e-01
	0.750000	3.837928e-02
	1.000000	7.032743e-04
	1.250000	1.630721e-02
	1.500000	5.036473e-03
	1.750000	6.892288e-06
	2.000000	7.704036e-03
	2.250000	1.557662e-03
	2.500000	5.706571e-06
	2.750000	1.659203e-06
	3.000000	2.473413e-06
	3.250000	7.988002e-01
	3.500000	5.534772e-07
	3.750000	4.968959e-01
	4.000000	2.231014e-01
	4.250000	2.184480e-06
	4.500000	2.483451e-07
	4.750000	8.140547e-07
	5.000000	2.017907e-06
	5.250000	6.160662e-03
	5.500000	0.000000e+00
	5.750000	1.460079e-03
	6.000000	1.832048e-04
	6.250000	2.691580e-06
	6.500000	0.000000e+00
	6.750000	0.000000e+00
	7.000000	0.000000e+00
	7.250000	0.000000e+00
	7.500000	0.000000e+00
	7.750000	0.000000e+00
	8.000000	6.436569e-06

#################################################################################################################################################

Energy 8 			# in MeV 
Multiplicity PromptGamma 1.365239
Differential_cross_section PromptGamma 36 	 # Secondary particule & Nbr of rows (Energies) 
# 	Energy(MeV)	Int.(b/MeV)
	0.250000	7.156912e-02
	0.500000	3.578229e-01
	0.750000	1.535480e-01
	1.000000	9.415115e-03
	1.250000	1.031335e-01
	1.500000	3.204127e-02
	1.750000	4.458207e-03
	2.000000	6.845761e-02
	2.250000	3.815143e-02
	2.500000	5.362720e-03
	2.750000	1.761388e-06
	3.000000	1.400914e-04
	3.250000	9.532866e-01
	3.500000	5.158486e-06
	3.750000	7.147122e-01
	4.000000	3.578238e-01
	4.250000	1.386383e-06
	4.500000	9.836396e-07
	4.750000	1.281563e-06
	5.000000	5.558641e-07
	5.250000	4.016467e-02
	5.500000	0.000000e+00
	5.750000	2.265424e-02
	6.000000	2.192853e-02
	6.250000	2.714459e-06
	6.500000	0.000000e+00
	6.750000	6.481221e-05
	7.000000	2.446125e-05
	7.250000	2.857106e-06
	7.500000	0.000000e+00
	7.750000	0.000000e+00
	8.000000	0.000000e+00
	8.250000	0.000000e+00
	8.500000	0.000000e+00
	8.750000	0.000000e+00
	9.000000	5.968700e-06

#################################################################################################################################################

Energy 9 			# in MeV 
Multiplicity PromptGamma 1.607987
Differential_cross_section PromptGamma 39 	 # Secondary particule & Nbr of rows (Energies) 
# 	Energy(MeV)	Int.(b/MeV)
	0.250000	8.476823e-02
	0.500000	4.229835e-01
	0.750000	3.528805e-01
	1.000000	3.266319e-02
	1.250000	2.099471e-01
	1.500000	7.235402e-02
	1.750000	3.177398e-02
	2.000000	1.950362e-01
	2.250000	1.561154e-01
	2.500000	4.069072e-02
	2.750000	7.333768e-03
	3.000000	1.250455e-02
	3.250000	9.908284e-01
	3.500000	3.999201e-03
	3.750000	8.404818e-01
	4.000000	4.228183e-01
	4.250000	9.034092e-05
	4.500000	5.510854e-06
	4.750000	2.427227e-06
	5.000000	7.299175e-07
	5.250000	8.283350e-02
	5.500000	1.173532e-06
	5.750000	7.124535e-02
	6.000000	1.021125e-01
	6.250000	1.293254e-06
	6.500000	0.000000e+00
	6.750000	6.917020e-03
	7.000000	4.422638e-03
	7.250000	2.316987e-03
	7.500000	7.558305e-04
	7.750000	4.748925e-05
	8.000000	1.780347e-05
	8.250000	2.953147e-06
	8.500000	0.000000e+00
	8.750000	0.000000e+00
	9.000000	0.000000e+00
	9.250000	0.000000e+00
	9.500000	0.000000e+00
	9.750000	6.343294e-06

#################################################################################################################################################

Energy 10 			# in MeV 
Multiplicity PromptGamma 1.811943
Differential_cross_section PromptGamma 43 	 # Secondary particule & Nbr of rows (Energies) 
# 	Energy(MeV)	Int.(b/MeV)
	0.250000	9.044110e-02
	0.500000	4.478976e-01
	0.750000	5.340671e-01
	1.000000	5.206731e-02
	1.250000	2.619388e-01
	1.500000	1.102343e-01
	1.750000	7.379958e-02
	2.000000	2.685813e-01
	2.250000	2.413220e-01
	2.500000	1.033759e-01
	2.750000	3.778739e-02
	3.000000	6.517045e-02
	3.250000	9.781920e-01
	3.500000	3.423986e-02
	3.750000	9.982393e-01
	4.000000	4.566909e-01
	4.250000	6.644468e-03
	4.500000	3.208837e-03
	4.750000	1.093005e-03
	5.000000	2.221123e-04
	5.250000	9.604816e-02
	5.500000	4.580274e-06
	5.750000	8.892239e-02
	6.000000	1.444361e-01
	6.250000	8.233860e-07
	6.500000	1.253464e-06
	6.750000	2.950503e-02
	7.000000	2.344428e-02
	7.250000	1.646479e-02
	7.500000	9.773859e-03
	7.750000	5.128315e-03
	8.000000	3.264806e-03
	8.250000	1.703230e-03
	8.500000	5.575641e-04
	8.750000	3.484128e-05
	9.000000	6.400022e-06
	9.250000	5.885727e-09
	9.500000	0.000000e+00
	9.750000	0.000000e+00
	10.000000	0.000000e+00
	10.250000	0.000000e+00
	10.500000	0.000000e+00
	10.750000	6.943682e-06

#################################################################################################################################################

Energy 11 			# in MeV 
Multiplicity PromptGamma 1.958248
Differential_cross_section PromptGamma 47 	 # Secondary particule & Nbr of rows (Energies) 
# 	Energy(MeV)	Int.(b/MeV)
	0.250000	9.037658e-02
	0.500000	4.425090e-01
	0.750000	6.591172e-01
	1.000000	6.555136e-02
	1.250000	2.617664e-01
	1.500000	1.374059e-01
	1.750000	9.720856e-02
	2.000000	2.760719e-01
	2.250000	2.593984e-01
	2.500000	1.482585e-01
	2.750000	7.321909e-02
	3.000000	1.176557e-01
	3.250000	9.366824e-01
	3.500000	8.881733e-02
	3.750000	1.222333e+00
	4.000000	4.923922e-01
	4.250000	4.144481e-02
	4.500000	2.801580e-02
	4.750000	1.633664e-02
	5.000000	7.410363e-03
	5.250000	9.090125e-02
	5.500000	9.726085e-04
	5.750000	7.721168e-02
	6.000000	1.287679e-01
	6.250000	1.397659e-06
	6.500000	8.535470e-07
	6.750000	3.934811e-02
	7.000000	3.617596e-02
	7.250000	3.172119e-02
	7.500000	2.665964e-02
	7.750000	2.166032e-02
	8.000000	1.722619e-02
	8.250000	1.214981e-02
	8.500000	7.203386e-03
	8.750000	3.775417e-03
	9.000000	6.954443e-04
	9.250000	1.344650e-04
	9.500000	5.352857e-06
	9.750000	8.214395e-08
	10.000000	3.628139e-06
	10.250000	4.728421e-11
	10.500000	0.000000e+00
	10.750000	0.000000e+00
	11.000000	0.000000e+00
	11.250000	0.000000e+00
	11.500000	0.000000e+00
	11.750000	6.664918e-06

#################################################################################################################################################

Energy 12 			# in MeV 
Multiplicity PromptGamma 1.981680
Differential_cross_section PromptGamma 51 	 # Secondary particule & Nbr of rows (Energies) 
# 	Energy(MeV)	Int.(b/MeV)
	0.250000	8.422145e-02
	0.500000	4.072563e-01
	0.750000	7.379332e-01
	1.000000	6.882610e-02
	1.250000	2.376887e-01
	1.500000	1.529402e-01
	1.750000	9.915769e-02
	2.000000	2.587543e-01
	2.250000	2.486088e-01
	2.500000	1.641577e-01
	2.750000	9.581954e-02
	3.000000	1.377635e-01
	3.250000	8.495674e-01
	3.500000	1.202655e-01
	3.750000	1.376173e+00
	4.000000	4.943182e-01
	4.250000	8.356184e-02
	4.500000	7.052062e-02
	4.750000	5.652690e-02
	5.000000	3.394042e-02
	5.250000	8.877277e-02
	5.500000	5.796576e-03
	5.750000	6.179335e-02
	6.000000	1.016359e-01
	6.250000	2.429225e-05
	6.500000	9.397835e-06
	6.750000	3.327625e-02
	7.000000	3.237641e-02
	7.250000	3.132446e-02
	7.500000	3.022304e-02
	7.750000	2.873795e-02
	8.000000	2.662559e-02
	8.250000	2.347846e-02
	8.500000	1.978090e-02
	8.750000	1.612259e-02
	9.000000	4.401547e-03
	9.250000	1.008625e-03
	9.500000	8.949577e-05
	9.750000	1.121348e-05
	10.000000	6.037007e-06
	10.250000	2.963617e-06
	10.500000	1.993190e-07
	10.750000	3.374292e-09
	11.000000	4.092182e-06
	11.250000	8.030228e-12
	11.500000	0.000000e+00
	11.750000	0.000000e+00
	12.000000	0.000000e+00
	12.250000	0.000000e+00
	12.500000	0.000000e+00
	12.750000	5.689509e-06

#################################################################################################################################################

Energy 13 			# in MeV 
Multiplicity PromptGamma 1.795421
Differential_cross_section PromptGamma 55 	 # Secondary particule & Nbr of rows (Energies) 
# 	Energy(MeV)	Int.(b/MeV)
	0.250000	7.175004e-02
	0.500000	3.409265e-01
	0.750000	7.431859e-01
	1.000000	6.625034e-02
	1.250000	2.020461e-01
	1.500000	1.472995e-01
	1.750000	8.835559e-02
	2.000000	2.234299e-01
	2.250000	2.223512e-01
	2.500000	1.551844e-01
	2.750000	9.827807e-02
	3.000000	1.316608e-01
	3.250000	7.090554e-01
	3.500000	1.181619e-01
	3.750000	1.343533e+00
	4.000000	4.306360e-01
	4.250000	9.360672e-02
	4.500000	8.777485e-02
	4.750000	8.052244e-02
	5.000000	5.635345e-02
	5.250000	8.784798e-02
	5.500000	1.502041e-02
	5.750000	5.051172e-02
	6.000000	7.776216e-02
	6.250000	4.291433e-04
	6.500000	2.074454e-04
	6.750000	2.450092e-02
	7.000000	2.419288e-02
	7.250000	2.403981e-02
	7.500000	2.410760e-02
	7.750000	2.413741e-02
	8.000000	2.403250e-02
	8.250000	2.370345e-02
	8.500000	2.306427e-02
	8.750000	2.203279e-02
	9.000000	8.484974e-03
	9.250000	2.140804e-03
	9.500000	3.256701e-04
	9.750000	4.928181e-05
	10.000000	2.044531e-05
	10.250000	8.177296e-06
	10.500000	4.619953e-06
	10.750000	2.494660e-06
	11.000000	3.577128e-06
	11.250000	2.304951e-06
	11.500000	4.809503e-08
	11.750000	2.305633e-09
	12.000000	4.438208e-06
	12.250000	3.100788e-12
	12.500000	0.000000e+00
	12.750000	0.000000e+00
	13.000000	0.000000e+00
	13.250000	0.000000e+00
	13.500000	0.000000e+00
	13.750000	5.569440e-06

#################################################################################################################################################

Energy 14 			# in MeV 
Multiplicity PromptGamma 1.501037
Differential_cross_section PromptGamma 59 	 # Secondary particule & Nbr of rows (Energies) 
# 	Energy(MeV)	Int.(b/MeV)
	0.250000	5.785433e-02
	0.500000	2.676988e-01
	0.750000	6.847722e-01
	1.000000	6.062745e-02
	1.250000	1.686314e-01
	1.500000	1.333393e-01
	1.750000	7.521603e-02
	2.000000	1.812839e-01
	2.250000	1.922005e-01
	2.500000	1.358779e-01
	2.750000	8.820002e-02
	3.000000	1.136662e-01
	3.250000	5.602723e-01
	3.500000	1.007597e-01
	3.750000	1.187197e+00
	4.000000	3.414761e-01
	4.250000	8.168173e-02
	4.500000	7.882286e-02
	4.750000	7.567226e-02
	5.000000	5.835210e-02
	5.250000	7.755168e-02
	5.500000	1.970264e-02
	5.750000	4.200705e-02
	6.000000	6.079065e-02
	6.250000	1.741584e-03
	6.500000	9.916520e-04
	6.750000	1.799869e-02
	7.000000	1.740644e-02
	7.250000	1.713064e-02
	7.500000	1.727566e-02
	7.750000	1.758578e-02
	8.000000	1.800481e-02
	8.250000	1.841181e-02
	8.500000	1.871311e-02
	8.750000	1.888265e-02
	9.000000	9.673040e-03
	9.250000	2.376668e-03
	9.500000	5.210987e-04
	9.750000	7.614790e-05
	10.000000	3.222503e-05
	10.250000	1.782880e-05
	10.500000	1.137729e-05
	10.750000	6.185706e-06
	11.000000	5.375768e-06
	11.250000	1.437026e-06
	11.500000	2.137333e-06
	11.750000	2.931576e-06
	12.000000	1.663532e-06
	12.250000	2.133879e-06
	12.500000	2.056273e-08
	12.750000	1.110693e-09
	13.000000	5.096672e-06
	13.250000	1.441003e-12
	13.500000	0.000000e+00
	13.750000	0.000000e+00
	14.000000	0.000000e+00
	14.250000	0.000000e+00
	14.500000	0.000000e+00
	14.750000	6.581242e-06

#################################################################################################################################################

Energy 15 			# in MeV 
Multiplicity PromptGamma 1.196497
Differential_cross_section PromptGamma 63 	 # Secondary particule & Nbr of rows (Energies) 
# 	Energy(MeV)	Int.(b/MeV)
	0.250000	4.930546e-02
	0.500000	1.994588e-01
	0.750000	5.963613e-01
	1.000000	4.769839e-02
	1.250000	1.447996e-01
	1.500000	1.080993e-01
	1.750000	6.371529e-02
	2.000000	1.436779e-01
	2.250000	1.081999e-01
	2.500000	1.500784e-01
	2.750000	7.850059e-02
	3.000000	7.353039e-02
	3.250000	4.279238e-01
	3.500000	8.412018e-02
	3.750000	9.840657e-01
	4.000000	2.535996e-01
	4.250000	6.500014e-02
	4.500000	6.488120e-02
	4.750000	6.221727e-02
	5.000000	5.163743e-02
	5.250000	6.260759e-02
	5.500000	1.947136e-02
	5.750000	3.448098e-02
	6.000000	4.839157e-02
	6.250000	3.108544e-03
	6.500000	2.035791e-03
	6.750000	1.484730e-03
	7.000000	1.317321e-02
	7.250000	1.257199e-02
	7.500000	1.246948e-02
	7.750000	1.256931e-02
	8.000000	1.273332e-02
	8.250000	1.303388e-02
	8.500000	1.340093e-02
	8.750000	1.380539e-02
	9.000000	9.099814e-03
	9.250000	1.996908e-03
	9.500000	5.863452e-04
	9.750000	7.369477e-05
	10.000000	3.194044e-05
	10.250000	2.022535e-05
	10.500000	1.411091e-05
	10.750000	8.556093e-06
	11.000000	5.889995e-06
	11.250000	3.622882e-06
	11.500000	3.622361e-06
	11.750000	2.842074e-06
	12.000000	3.606702e-06
	12.250000	5.856651e-07
	12.500000	1.677978e-06
	12.750000	2.239296e-06
	13.000000	1.238005e-06
	13.250000	2.152397e-06
	13.500000	8.756162e-09
	13.750000	6.734852e-11
	14.000000	6.775237e-06
	14.250000	7.259235e-13
	14.500000	0.000000e+00
	14.750000	0.000000e+00
	15.000000	0.000000e+00
	15.250000	0.000000e+00
	15.500000	0.000000e+00
	15.750000	8.874279e-06

#################################################################################################################################################

Energy 1.548369e+01 			# in MeV 
Multiplicity PromptGamma 0.996229
Differential_cross_section PromptGamma 67 	 # Secondary particule & Nbr of rows (Energies) 
# 	Energy(MeV)	Int.(b/MeV)
	0.250000	4.173714e-02
	0.500000	1.554438e-01
	0.750000	5.041761e-01
	1.000000	4.027535e-02
	1.250000	1.204403e-01
	1.500000	8.693813e-02
	1.750000	5.304821e-02
	2.000000	1.196574e-01
	2.250000	1.442933e-01
	2.500000	1.009351e-01
	2.750000	1.153888e-01
	3.000000	7.976398e-02
	3.250000	3.350349e-01
	3.500000	7.032915e-02
	3.750000	8.225672e-01
	4.000000	1.972807e-01
	4.250000	5.152713e-02
	4.500000	5.076480e-02
	4.750000	4.648854e-02
	5.000000	3.452736e-02
	5.250000	4.008765e-02
	5.500000	1.184721e-02
	5.750000	2.330502e-02
	6.000000	3.594756e-02
	6.250000	2.116472e-03
	6.500000	1.687905e-03
	6.750000	1.018518e-02
	7.000000	9.534120e-03
	7.250000	9.337261e-03
	7.500000	9.354924e-03
	7.750000	9.361669e-03
	8.000000	9.513323e-03
	8.250000	9.742572e-03
	8.500000	9.998668e-03
	8.750000	8.231619e-03
	9.000000	1.579502e-03
	9.250000	6.065428e-04
	9.500000	6.352825e-05
	9.750000	2.680944e-05
	10.000000	1.715619e-05
	10.250000	1.258595e-05
	10.500000	8.029719e-06
	10.750000	5.812032e-06
	11.000000	4.764722e-06
	11.250000	4.132432e-06
	11.500000	3.560077e-06
	11.750000	3.044201e-06
	12.000000	2.576436e-06
	12.250000	1.988722e-06
	12.500000	1.340086e-06
	12.750000	1.625481e-06
	13.000000	2.593630e-06
	13.250000	1.439977e-07
	13.500000	1.545582e-06
	13.750000	1.952183e-06
	14.000000	3.669930e-06
	14.250000	5.053585e-09
	14.500000	2.852288e-10
	14.750000	9.580604e-11
	15.000000	9.741306e-06
	15.250000	0.000000e+00
	15.500000	0.000000e+00
	15.750000	0.000000e+00
	16.000000	0.000000e+00
	16.250000	0.000000e+00
	16.500000	0.000000e+00
	16.750000	1.281737e-05

#################################################################################################################################################

Energy 17 			# in MeV 
Multiplicity PromptGamma 0.889677
Differential_cross_section PromptGamma 71 	 # Secondary particule & Nbr of rows (Energies) 
# 	Energy(MeV)	Int.(b/MeV)
	0.250000	4.241872e-02
	0.500000	1.260674e-01
	0.750000	4.403050e-01
	1.000000	3.453242e-02
	1.250000	1.123953e-01
	1.500000	6.950961e-02
	1.750000	4.414615e-02
	2.000000	1.173656e-01
	2.250000	1.185013e-01
	2.500000	9.284895e-02
	2.750000	2.203469e-01
	3.000000	7.366214e-02
	3.250000	2.698260e-01
	3.500000	7.595290e-02
	3.750000	6.974647e-01
	4.000000	1.593699e-01
	4.250000	4.090776e-02
	4.500000	4.180333e-02
	4.750000	3.738131e-02
	5.000000	3.076505e-02
	5.250000	3.159377e-02
	5.500000	1.121364e-02
	5.750000	1.858195e-02
	6.000000	2.919302e-02
	6.250000	1.886057e-03
	6.500000	1.514973e-03
	6.750000	7.987516e-03
	7.000000	7.393946e-03
	7.250000	7.174819e-03
	7.500000	7.155270e-03
	7.750000	7.097799e-03
	8.000000	7.148822e-03
	8.250000	7.292010e-03
	8.500000	7.465491e-03
	8.750000	7.298984e-03
	9.000000	1.304019e-03
	9.250000	6.226181e-04
	9.500000	5.831450e-05
	9.750000	2.429382e-05
	10.000000	1.534603e-05
	10.250000	1.136800e-05
	10.500000	7.437627e-06
	10.750000	5.376012e-06
	11.000000	4.443292e-06
	11.250000	3.910712e-06
	11.500000	3.454367e-06
	11.750000	3.066658e-06
	12.000000	2.739927e-06
	12.250000	2.450852e-06
	12.500000	2.202716e-06
	12.750000	1.988520e-06
	13.000000	1.800200e-06
	13.250000	1.449174e-06
	13.500000	1.010911e-06
	13.750000	1.399167e-06
	14.000000	2.640566e-06
	14.250000	7.210922e-08
	14.500000	1.940582e-06
	14.750000	2.256425e-06
	15.000000	4.885225e-06
	15.250000	3.114334e-09
	15.500000	1.853533e-10
	15.750000	6.464005e-11
	16.000000	1.500664e-05
	16.250000	0.000000e+00
	16.500000	0.000000e+00
	16.750000	0.000000e+00
	17.000000	0.000000e+00
	17.250000	0.000000e+00
	17.500000	0.000000e+00
	17.750000	1.999034e-05

#################################################################################################################################################

Energy 18 			# in MeV 
Multiplicity PromptGamma 0.869499
Differential_cross_section PromptGamma 75 	 # Secondary particule & Nbr of rows (Energies) 
# 	Energy(MeV)	Int.(b/MeV)
	0.250000	5.266119e-02
	0.500000	1.075592e-01
	0.750000	4.106871e-01
	1.000000	3.480439e-02
	1.250000	1.283694e-01
	1.500000	5.900666e-02
	1.750000	3.769448e-02
	2.000000	1.363166e-01
	2.250000	9.723865e-02
	2.500000	9.488936e-02
	2.750000	3.703244e-01
	3.000000	7.990177e-02
	3.250000	2.198379e-01
	3.500000	1.033309e-01
	3.750000	6.000980e-01
	4.000000	1.353288e-01
	4.250000	3.269934e-02
	4.500000	3.562871e-02
	4.750000	3.000082e-02
	5.000000	2.617685e-02
	5.250000	2.569094e-02
	5.500000	1.009636e-02
	5.750000	1.512032e-02
	6.000000	2.434551e-02
	6.250000	1.624954e-03
	6.500000	1.276677e-03
	6.750000	6.421164e-03
	7.000000	5.902291e-03
	7.250000	5.676327e-03
	7.500000	5.623110e-03
	7.750000	5.549908e-03
	8.000000	5.541535e-03
	8.250000	5.620857e-03
	8.500000	5.729843e-03
	8.750000	5.843213e-03
	9.000000	1.115711e-03
	9.250000	5.711289e-04
	9.500000	5.641094e-05
	9.750000	2.436493e-05
	10.000000	1.582521e-05
	10.250000	1.193511e-05
	10.500000	8.338339e-06
	10.750000	6.127418e-06
	11.000000	4.915322e-06
	11.250000	4.158869e-06
	11.500000	3.512551e-06
	11.750000	3.018220e-06
	12.000000	2.679934e-06
	12.250000	2.405887e-06
	12.500000	2.188760e-06
	12.750000	2.022291e-06
	13.000000	1.894560e-06
	13.250000	1.789677e-06
	13.500000	1.706421e-06
	13.750000	1.647053e-06
	14.000000	1.621018e-06
	14.250000	1.385027e-06
	14.500000	2.486564e-06
	14.750000	1.206727e-06
	15.000000	2.263270e-06
	15.250000	4.505405e-08
	15.500000	2.756802e-06
	15.750000	3.070115e-06
	16.000000	7.241813e-06
	16.250000	2.176262e-09
	16.500000	1.352003e-10
	16.750000	5.121643e-11
	17.000000	2.455884e-05
	17.250000	0.000000e+00
	17.500000	0.000000e+00
	17.750000	0.000000e+00
	18.000000	0.000000e+00
	18.250000	0.000000e+00
	18.500000	0.000000e+00
	18.750000	3.258987e-05

#################################################################################################################################################

Energy 19 			# in MeV 
Multiplicity PromptGamma 0.918281
Differential_cross_section PromptGamma 78 	 # Secondary particule & Nbr of rows (Energies) 
# 	Energy(MeV)	Int.(b/MeV)
	0.250000	6.881141e-02
	0.500000	1.015250e-01
	0.750000	4.075078e-01
	1.000000	4.547017e-02
	1.250000	1.710605e-01
	1.500000	5.629111e-02
	1.750000	3.613289e-02
	2.000000	1.683555e-01
	2.250000	8.360251e-02
	2.500000	1.075543e-01
	2.750000	5.291130e-01
	3.000000	9.316403e-02
	3.250000	1.835500e-01
	3.500000	1.449529e-01
	3.750000	5.257409e-01
	4.000000	1.235296e-01
	4.250000	2.665042e-02
	4.500000	3.360429e-02
	4.750000	2.408235e-02
	5.000000	2.444020e-02
	5.250000	2.293230e-02
	5.500000	9.394785e-03
	5.750000	1.304952e-02
	6.000000	2.081520e-02
	6.250000	1.568501e-03
	6.500000	1.161761e-03
	6.750000	5.310403e-03
	7.000000	4.896943e-03
	7.250000	4.628758e-03
	7.500000	4.556948e-03
	7.750000	4.484370e-03
	8.000000	4.439282e-03
	8.250000	4.473622e-03
	8.500000	4.534444e-03
	8.750000	4.599264e-03
	9.000000	9.907262e-04
	9.250000	4.656687e-04
	9.500000	5.415019e-05
	9.750000	2.368392e-05
	10.000000	1.598745e-05
	10.250000	1.249242e-05
	10.500000	9.474002e-06
	10.750000	7.407729e-06
	11.000000	6.099038e-06
	11.250000	5.163048e-06
	11.500000	4.335334e-06
	11.750000	3.606665e-06
	12.000000	3.027654e-06
	12.250000	2.584336e-06
	12.500000	2.239954e-06
	12.750000	2.008423e-06
	13.000000	1.869641e-06
	13.250000	1.771715e-06
	13.500000	1.704789e-06
	13.750000	1.666583e-06
	14.000000	1.666737e-06
	14.250000	1.694940e-06
	14.500000	1.746633e-06
	14.750000	1.821903e-06
	15.000000	1.922632e-06
	15.250000	2.888008e-06
	15.500000	2.177261e-06
	15.750000	1.634008e-06
	16.000000	3.258243e-06
	16.250000	3.138527e-08
	16.500000	4.227219e-06
	16.750000	4.623255e-06
	17.000000	1.158662e-05
	17.250000	1.910164e-09
	17.500000	1.220730e-10
	17.750000	4.690182e-11
	18.000000	4.158045e-05
	18.250000	0.000000e+00
	18.500000	0.000000e+00
	18.750000	0.000000e+00
	19.000000	0.000000e+00
	19.250000	0.000000e+00
	19.500000	4.938939e-05

#################################################################################################################################################

Energy 20 			# in MeV 
Multiplicity PromptGamma 0.976850
Differential_cross_section PromptGamma 41 	 # Secondary particule & Nbr of rows (Energies) 
# 	Energy(MeV)	Int.(b/MeV)
	0.500000	1.205521e-01
	1.000000	2.965839e-01
	1.500000	7.888103e-02
	2.000000	1.320656e-01
	2.500000	9.267841e-02
	3.000000	3.814155e-01
	3.500000	3.827119e-01
	4.000000	7.050549e-02
	4.500000	2.859257e-02
	5.000000	2.178585e-02
	5.500000	1.769885e-02
	6.000000	1.109052e-02
	6.500000	1.319466e-03
	7.000000	4.191608e-03
	7.500000	3.830948e-03
	8.000000	3.736885e-03
	8.500000	3.795219e-03
	9.000000	9.387813e-04
	9.500000	5.303222e-05
	10.000000	1.547373e-05
	10.500000	9.937978e-06
	11.000000	7.067293e-06
	11.500000	5.398146e-06
	12.000000	3.914300e-06
	12.500000	2.786911e-06
	13.000000	2.093998e-06
	13.500000	1.775920e-06
	14.000000	1.680000e-06
	14.500000	1.763733e-06
	15.000000	1.958249e-06
	15.500000	2.269583e-06
	16.000000	7.274902e-07
	16.500000	3.155851e-06
	17.000000	3.828236e-06
	17.500000	7.289739e-06
	18.000000	9.810514e-06
	18.500000	1.137830e-10
	19.000000	3.265209e-05
	19.500000	0.000000e+00
	20.000000	0.000000e+00
	20.500000	2.768565e-05

#################################################################################################################################################

Energy 22 			# in MeV 
Multiplicity PromptGamma 1.183766
Differential_cross_section PromptGamma 45 	 # Secondary particule & Nbr of rows (Energies) 
# 	Energy(MeV)	Int.(b/MeV)
	0.500000	1.511166e-01
	1.000000	3.591863e-01
	1.500000	1.113638e-01
	2.000000	1.980367e-01
	2.500000	1.303148e-01
	3.000000	5.037343e-01
	3.500000	3.782673e-01
	4.000000	7.309319e-02
	4.500000	3.350658e-02
	5.000000	3.426482e-02
	5.500000	2.247419e-02
	6.000000	1.677913e-02
	6.500000	5.839489e-03
	7.000000	5.241539e-03
	7.500000	3.196440e-03
	8.000000	2.927583e-03
	8.500000	2.900377e-03
	9.000000	9.764714e-04
	9.500000	5.708192e-05
	10.000000	1.347002e-05
	10.500000	9.320830e-06
	11.000000	7.174341e-06
	11.500000	5.895652e-06
	12.000000	4.615876e-06
	12.500000	3.492029e-06
	13.000000	2.693790e-06
	13.500000	2.213482e-06
	14.000000	1.971713e-06
	14.500000	1.941045e-06
	15.000000	2.065027e-06
	15.500000	2.346339e-06
	16.000000	2.787733e-06
	16.500000	3.429749e-06
	17.000000	4.330614e-06
	17.500000	5.575446e-06
	18.000000	3.355882e-06
	18.500000	7.159292e-06
	19.000000	1.065090e-05
	19.500000	1.830945e-05
	20.000000	1.881456e-05
	20.500000	4.143042e-11
	21.000000	3.231037e-05
	21.500000	0.000000e+00
	22.000000	0.000000e+00
	22.500000	1.444154e-05

#################################################################################################################################################

Energy 24 			# in MeV 
Multiplicity PromptGamma 1.379158
Differential_cross_section PromptGamma 49 	 # Secondary particule & Nbr of rows (Energies) 
# 	Energy(MeV)	Int.(b/MeV)
	0.500000	1.769134e-01
	1.000000	4.183752e-01
	1.500000	1.407094e-01
	2.000000	2.698117e-01
	2.500000	1.724241e-01
	3.000000	5.808434e-01
	3.500000	3.891344e-01
	4.000000	8.286110e-02
	4.500000	4.289104e-02
	5.000000	5.038458e-02
	5.500000	3.015641e-02
	6.000000	2.429688e-02
	6.500000	1.235430e-02
	7.000000	9.299514e-03
	7.500000	3.739481e-03
	8.000000	2.771865e-03
	8.500000	2.482747e-03
	9.000000	1.207857e-03
	9.500000	7.810402e-05
	10.000000	1.266880e-05
	10.500000	8.911241e-06
	11.000000	7.086823e-06
	11.500000	6.057094e-06
	12.000000	4.946102e-06
	12.500000	3.895644e-06
	13.000000	3.104835e-06
	13.500000	2.614046e-06
	14.000000	2.365322e-06
	14.500000	2.309762e-06
	15.000000	2.405007e-06
	15.500000	2.641977e-06
	16.000000	3.024115e-06
	16.500000	3.612281e-06
	17.000000	4.464226e-06
	17.500000	5.676847e-06
	18.000000	7.357144e-06
	18.500000	9.541249e-06
	19.000000	1.204924e-05
	19.500000	1.423623e-05
	20.000000	1.061282e-05
	20.500000	1.125056e-05
	21.000000	7.754614e-06
	21.500000	1.397210e-05
	22.000000	1.011483e-05
	22.500000	5.596067e-12
	23.000000	1.438112e-05
	23.500000	0.000000e+00
	24.000000	0.000000e+00
	24.500000	6.580751e-06

#################################################################################################################################################

Energy 26 			# in MeV 
Multiplicity PromptGamma 1.434945
Differential_cross_section PromptGamma 53 	 # Secondary particule & Nbr of rows (Energies) 
# 	Energy(MeV)	Int.(b/MeV)
	0.500000	1.766480e-01
	1.000000	4.211895e-01
	1.500000	1.484866e-01
	2.000000	3.508407e-01
	2.500000	1.891521e-01
	3.000000	5.810740e-01
	3.500000	3.813338e-01
	4.000000	8.974670e-02
	4.500000	4.680839e-02
	5.000000	5.962220e-02
	5.500000	3.469338e-02
	6.000000	2.861996e-02
	6.500000	1.582312e-02
	7.000000	1.246400e-02
	7.500000	4.854069e-03
	8.000000	3.021989e-03
	8.500000	2.470107e-03
	9.000000	1.759125e-03
	9.500000	1.490648e-04
	10.000000	1.534954e-05
	10.500000	9.824357e-06
	11.000000	7.406898e-06
	11.500000	6.338576e-06
	12.000000	5.254815e-06
	12.500000	4.206986e-06
	13.000000	3.398977e-06
	13.500000	2.887147e-06
	14.000000	2.625193e-06
	14.500000	2.569152e-06
	15.000000	2.675634e-06
	15.500000	2.933388e-06
	16.000000	3.345927e-06
	16.500000	3.957098e-06
	17.000000	4.822969e-06
	17.500000	6.025290e-06
	18.000000	7.665084e-06
	18.500000	9.788644e-06
	19.000000	1.221324e-05
	19.500000	1.430432e-05
	20.000000	1.510911e-05
	20.500000	1.420899e-05
	21.000000	1.219608e-05
	21.500000	9.956195e-06
	22.000000	5.434178e-06
	22.500000	5.176997e-06
	23.000000	3.406907e-06
	23.500000	6.098959e-06
	24.000000	4.603742e-06
	24.500000	7.216360e-06
	25.000000	1.029240e-15
	25.500000	0.000000e+00
	26.000000	0.000000e+00
	26.500000	3.668059e-06

#################################################################################################################################################

Energy 28 			# in MeV 
Multiplicity PromptGamma 1.400625
Differential_cross_section PromptGamma 57 	 # Secondary particule & Nbr of rows (Energies) 
# 	Energy(MeV)	Int.(b/MeV)
	0.500000	1.643045e-01
	1.000000	3.880793e-01
	1.500000	1.491379e-01
	2.000000	3.979720e-01
	2.500000	1.923773e-01
	3.000000	5.294016e-01
	3.500000	3.605576e-01
	4.000000	9.171510e-02
	4.500000	4.895227e-02
	5.000000	6.164405e-02
	5.500000	3.631036e-02
	6.000000	2.973352e-02
	6.500000	1.703240e-02
	7.000000	1.400458e-02
	7.500000	5.857988e-03
	8.000000	3.194271e-03
	8.500000	2.588906e-03
	9.000000	2.193099e-03
	9.500000	2.573362e-04
	10.000000	2.031350e-05
	10.500000	1.178307e-05
	11.000000	8.275775e-06
	11.500000	6.914393e-06
	12.000000	5.693947e-06
	12.500000	4.549362e-06
	13.000000	3.673732e-06
	13.500000	3.118852e-06
	14.000000	2.840533e-06
	14.500000	2.780121e-06
	15.000000	2.891307e-06
	15.500000	3.160049e-06
	16.000000	3.590327e-06
	16.500000	4.226554e-06
	17.000000	5.124366e-06
	17.500000	6.362592e-06
	18.000000	8.033529e-06
	18.500000	1.016520e-05
	19.000000	1.254748e-05
	19.500000	1.452256e-05
	20.000000	1.516932e-05
	20.500000	1.414063e-05
	21.000000	1.205743e-05
	21.500000	9.792059e-06
	22.000000	7.827704e-06
	22.500000	6.278016e-06
	23.000000	5.097284e-06
	23.500000	4.203810e-06
	24.000000	2.464645e-06
	24.500000	4.121740e-06
	25.000000	1.760375e-06
	25.500000	2.026686e-06
	26.000000	1.900177e-06
	26.500000	4.290831e-06
	27.000000	2.201650e-16
	27.500000	0.000000e+00
	28.000000	0.000000e+00
	28.500000	2.336776e-06

#################################################################################################################################################

Energy 30 			# in MeV 
Multiplicity PromptGamma 1.330448
Differential_cross_section PromptGamma 61 	 # Secondary particule & Nbr of rows (Energies) 
# 	Energy(MeV)	Int.(b/MeV)
	0.500000	1.515802e-01
	1.000000	3.379188e-01
	1.500000	1.578235e-01
	2.000000	4.296711e-01
	2.500000	1.872155e-01
	3.000000	4.506751e-01
	3.500000	3.262919e-01
	4.000000	8.685527e-02
	4.500000	4.588955e-02
	5.000000	5.602849e-02
	5.500000	3.354587e-02
	6.000000	2.745160e-02
	6.500000	1.725761e-02
	7.000000	1.369028e-02
	7.500000	6.344554e-03
	8.000000	2.944695e-03
	8.500000	2.430894e-03
	9.000000	1.696775e-03
	9.500000	1.997747e-04
	10.000000	2.168478e-05
	10.500000	1.277872e-05
	11.000000	8.925936e-06
	11.500000	7.403231e-06
	12.000000	6.097634e-06
	12.500000	4.873398e-06
	13.000000	3.927235e-06
	13.500000	3.309609e-06
	14.000000	3.006667e-06
	14.500000	2.937693e-06
	15.000000	3.048770e-06
	15.500000	3.324197e-06
	16.000000	3.767381e-06
	16.500000	4.420683e-06
	17.000000	5.339168e-06
	17.500000	6.598458e-06
	18.000000	8.285584e-06
	18.500000	1.042026e-05
	19.000000	1.277286e-05
	19.500000	1.467137e-05
	20.000000	1.520621e-05
	20.500000	1.407167e-05
	21.000000	1.192073e-05
	21.500000	9.623975e-06
	22.000000	7.651670e-06
	22.500000	6.107598e-06
	23.000000	4.937993e-06
	23.500000	4.056764e-06
	24.000000	3.387797e-06
	24.500000	2.872993e-06
	25.000000	2.470846e-06
	25.500000	2.152145e-06
	26.000000	1.350206e-06
	26.500000	2.361467e-06
	27.000000	1.051211e-06
	27.500000	1.242513e-06
	28.000000	1.199274e-06
	28.500000	2.831405e-06
	29.000000	5.329953e-17
	29.500000	0.000000e+00
	30.000000	0.000000e+00
	30.500000	1.611396e-06

#################################################################################################################################################

Energy 35 			# in MeV 
Multiplicity PromptGamma 1.286745
Differential_cross_section PromptGamma 70 	 # Secondary particule & Nbr of rows (Energies) 
# 	Energy(MeV)	Int.(b/MeV)
	0.500000	1.560809e-01
	1.000000	2.576693e-01
	1.500000	2.402875e-01
	2.000000	4.835743e-01
	2.500000	2.018964e-01
	3.000000	3.018163e-01
	3.500000	2.635789e-01
	4.000000	8.199375e-02
	4.500000	4.090203e-02
	5.000000	2.816528e-02
	5.500000	2.627690e-02
	6.000000	2.066520e-02
	6.500000	1.251852e-02
	7.000000	1.025002e-02
	7.500000	5.985419e-03
	8.000000	2.477880e-03
	8.500000	2.092074e-03
	9.000000	4.884020e-04
	9.500000	8.342594e-05
	10.000000	3.159615e-05
	10.500000	1.648122e-05
	11.000000	1.070584e-05
	11.500000	7.958688e-06
	12.000000	6.634234e-06
	12.500000	5.387673e-06
	13.000000	4.369265e-06
	13.500000	3.679422e-06
	14.000000	3.336803e-06
	14.500000	3.258985e-06
	15.000000	3.380735e-06
	15.500000	3.678910e-06
	16.000000	4.156385e-06
	16.500000	4.859246e-06
	17.000000	5.837500e-06
	17.500000	7.163434e-06
	18.000000	8.917511e-06
	18.500000	1.109877e-05
	19.000000	1.343558e-05
	19.500000	1.520266e-05
	20.000000	1.551027e-05
	20.500000	1.415247e-05
	21.000000	1.185082e-05
	21.500000	9.474045e-06
	22.000000	7.465463e-06
	22.500000	5.907752e-06
	23.000000	4.736103e-06
	23.500000	3.858590e-06
	24.000000	3.195873e-06
	24.500000	2.688617e-06
	25.000000	2.294468e-06
	25.500000	1.983525e-06
	26.000000	1.734637e-06
	26.500000	1.532708e-06
	27.000000	1.366895e-06
	27.500000	1.229177e-06
	28.000000	1.113599e-06
	28.500000	1.015666e-06
	29.000000	9.319825e-07
	29.500000	8.599048e-07
	30.000000	7.973830e-07
	30.500000	7.428193e-07
	31.000000	8.271744e-07
	31.500000	6.077092e-07
	32.000000	4.360763e-07
	32.500000	1.066005e-06
	33.000000	1.678426e-15
	33.500000	1.334490e-06
	34.000000	0.000000e+00
	34.500000	0.000000e+00
	35.000000	8.611020e-07

#################################################################################################################################################

Energy 40 			# in MeV 
Multiplicity PromptGamma 1.311962
Differential_cross_section PromptGamma 80 	 # Secondary particule & Nbr of rows (Energies) 
# 	Energy(MeV)	Int.(b/MeV)
	0.500000	1.612125e-01
	1.000000	2.692433e-01
	1.500000	2.615578e-01
	2.000000	4.718009e-01
	2.500000	2.104166e-01
	3.000000	2.438936e-01
	3.500000	2.434259e-01
	4.000000	8.178870e-02
	4.500000	3.939101e-02
	5.000000	3.761701e-02
	5.500000	2.431946e-02
	6.000000	1.878267e-02
	6.500000	1.075500e-02
	7.000000	7.367478e-03
	7.500000	3.267807e-03
	8.000000	2.298427e-03
	8.500000	1.833818e-03
	9.000000	7.938159e-04
	9.500000	2.491384e-04
	10.000000	1.421500e-04
	10.500000	9.204913e-05
	11.000000	5.414368e-05
	11.500000	1.670666e-05
	12.000000	7.057614e-06
	12.500000	5.500031e-06
	13.000000	4.537541e-06
	13.500000	3.881937e-06
	14.000000	3.557571e-06
	14.500000	3.489231e-06
	15.000000	3.625548e-06
	15.500000	3.947880e-06
	16.000000	4.459592e-06
	16.500000	5.210659e-06
	17.000000	6.252557e-06
	17.500000	7.655170e-06
	18.000000	9.496212e-06
	18.500000	1.175957e-05
	19.000000	1.413266e-05
	19.500000	1.583556e-05
	20.000000	1.597448e-05
	20.500000	1.442232e-05
	21.000000	1.197103e-05
	21.500000	9.500483e-06
	22.000000	7.438038e-06
	22.500000	5.850285e-06
	23.000000	4.662066e-06
	23.500000	3.775736e-06
	24.000000	3.108722e-06
	24.500000	2.599886e-06
	25.000000	2.205773e-06
	25.500000	1.895831e-06
	26.000000	1.648498e-06
	26.500000	1.448453e-06
	27.000000	1.284618e-06
	27.500000	1.148887e-06
	28.000000	1.035247e-06
	28.500000	9.392152e-07
	29.000000	8.573405e-07
	29.500000	7.869787e-07
	30.000000	7.260695e-07
	30.500000	6.729913e-07
	31.000000	6.264542e-07
	31.500000	5.854215e-07
	32.000000	5.490603e-07
	32.500000	5.166886e-07
	33.000000	4.877387e-07
	33.500000	4.617450e-07
	34.000000	4.383199e-07
	34.500000	4.171383e-07
	35.000000	3.979243e-07
	35.500000	8.406898e-08
	36.000000	3.545788e-07
	36.500000	3.297229e-07
	37.000000	4.429135e-07
	37.500000	3.990578e-07
	38.000000	9.946061e-17
	38.500000	7.796526e-07
	39.000000	0.000000e+00
	39.500000	0.000000e+00
	40.000000	4.998118e-07

#################################################################################################################################################

Energy 45 			# in MeV 
Multiplicity PromptGamma 1.280109
Differential_cross_section PromptGamma 90 	 # Secondary particule & Nbr of rows (Energies) 
# 	Energy(MeV)	Int.(b/MeV)
	0.500000	1.417453e-01
	1.000000	2.197991e-01
	1.500000	3.065836e-01
	2.000000	4.224905e-01
	2.500000	1.967996e-01
	3.000000	2.208846e-01
	3.500000	2.277415e-01
	4.000000	7.891483e-02
	4.500000	3.775063e-02
	5.000000	3.720865e-02
	5.500000	2.402501e-02
	6.000000	1.792895e-02
	6.500000	1.049240e-02
	7.000000	7.897110e-03
	7.500000	3.860074e-03
	8.000000	2.450325e-03
	8.500000	1.862390e-03
	9.000000	1.164248e-03
	9.500000	3.089966e-04
	10.000000	1.886140e-04
	10.500000	1.105905e-04
	11.000000	5.285919e-05
	11.500000	9.356770e-06
	12.000000	6.722550e-06
	12.500000	5.655275e-06
	13.000000	4.721670e-06
	13.500000	4.060150e-06
	14.000000	3.730956e-06
	14.500000	3.666418e-06
	15.000000	3.816085e-06
	15.500000	4.161756e-06
	16.000000	4.707505e-06
	16.500000	5.506290e-06
	17.000000	6.610833e-06
	17.500000	8.092240e-06
	18.000000	1.002677e-05
	18.500000	1.238743e-05
	19.000000	1.482498e-05
	19.500000	1.650253e-05
	20.000000	1.651224e-05
	20.500000	1.479194e-05
	21.000000	1.220044e-05
	21.500000	9.633859e-06
	22.000000	7.510402e-06
	22.500000	5.883774e-06
	23.000000	4.670457e-06
	23.500000	3.767424e-06
	24.000000	3.089165e-06
	24.500000	2.572726e-06
	25.000000	2.173430e-06
	25.500000	1.860002e-06
	26.000000	1.610362e-06
	26.500000	1.408851e-06
	27.000000	1.244129e-06
	27.500000	1.107947e-06
	28.000000	9.941540e-07
	28.500000	8.981889e-07
	29.000000	8.165336e-07
	29.500000	7.464945e-07
	30.000000	6.859752e-07
	30.500000	6.333283e-07
	31.000000	5.872432e-07
	31.500000	5.466718e-07
	32.000000	5.107644e-07
	32.500000	4.788250e-07
	33.000000	4.502942e-07
	33.500000	4.246975e-07
	34.000000	4.016434e-07
	34.500000	3.808046e-07
	35.000000	3.619049e-07
	35.500000	3.447119e-07
	36.000000	3.290246e-07
	36.500000	3.146736e-07
	37.000000	3.015118e-07
	37.500000	2.894132e-07
	38.000000	2.782666e-07
	38.500000	2.679788e-07
	39.000000	2.584629e-07
	39.500000	2.496487e-07
	40.000000	2.414692e-07
	40.500000	1.658201e-07
	41.000000	1.817127e-07
	41.500000	1.354024e-07
	42.000000	2.835441e-07
	42.500000	2.586250e-07
	43.000000	7.951142e-18
	43.500000	5.135623e-07
	44.000000	0.000000e+00
	44.500000	0.000000e+00
	45.000000	3.244648e-07

#################################################################################################################################################

Energy 50 			# in MeV 
Multiplicity PromptGamma 1.279064
Differential_cross_section PromptGamma 100 	 # Secondary particule & Nbr of rows (Energies) 
# 	Energy(MeV)	Int.(b/MeV)
	0.500000	1.359216e-01
	1.000000	1.899121e-01
	1.500000	3.474223e-01
	2.000000	3.937502e-01
	2.500000	1.814417e-01
	3.000000	2.034160e-01
	3.500000	2.016618e-01
	4.000000	7.664252e-02
	4.500000	4.011423e-02
	5.000000	3.774556e-02
	5.500000	2.624762e-02
	6.000000	1.892560e-02
	6.500000	1.100015e-02
	7.000000	8.228860e-03
	7.500000	4.408486e-03
	8.000000	2.622632e-03
	8.500000	1.956217e-03
	9.000000	1.281717e-03
	9.500000	3.487563e-04
	10.000000	1.980850e-04
	10.500000	1.216793e-04
	11.000000	6.774880e-05
	11.500000	1.113116e-05
	12.000000	6.817786e-06
	12.500000	5.789911e-06
	13.000000	4.860953e-06
	13.500000	4.201741e-06
	14.000000	3.867496e-06
	14.500000	3.805431e-06
	15.000000	3.965697e-06
	15.500000	4.330555e-06
	16.000000	4.906408e-06
	16.500000	5.747208e-06
	17.000000	6.908841e-06
	17.500000	8.463723e-06
	18.000000	1.048753e-05
	18.500000	1.294628e-05
	19.000000	1.545834e-05
	19.500000	1.713237e-05
	20.000000	1.704150e-05
	20.500000	1.517780e-05
	21.000000	1.246160e-05
	21.500000	9.806808e-06
	22.000000	7.624197e-06
	22.500000	5.957980e-06
	23.000000	4.717644e-06
	23.500000	3.795677e-06
	24.000000	3.103912e-06
	24.500000	2.577648e-06
	25.000000	2.171139e-06
	25.500000	1.852345e-06
	26.000000	1.598715e-06
	26.500000	1.394172e-06
	27.000000	1.227203e-06
	27.500000	1.089341e-06
	28.000000	9.743170e-07
	28.500000	8.774271e-07
	29.000000	7.951026e-07
	29.500000	7.245906e-07
	30.000000	6.637490e-07
	30.500000	6.108956e-07
	31.000000	5.646950e-07
	31.500000	5.240731e-07
	32.000000	4.881657e-07
	32.500000	4.562660e-07
	33.000000	4.278002e-07
	33.500000	4.022885e-07
	34.000000	3.793321e-07
	34.500000	3.585986e-07
	35.000000	3.398072e-07
	35.500000	3.227222e-07
	36.000000	3.071417e-07
	36.500000	2.928929e-07
	37.000000	2.798270e-07
	37.500000	2.678167e-07
	38.000000	2.567508e-07
	38.500000	2.465338e-07
	39.000000	2.370816e-07
	39.500000	2.283189e-07
	40.000000	2.201810e-07
	40.500000	2.126119e-07
	41.000000	2.055594e-07
	41.500000	1.989802e-07
	42.000000	1.928306e-07
	42.500000	1.870799e-07
	43.000000	1.816913e-07
	43.500000	1.766388e-07
	44.000000	1.718963e-07
	44.500000	1.674396e-07
	45.000000	1.632485e-07
	45.500000	1.138688e-07
	46.000000	2.193399e-07
	46.500000	1.069081e-07
	47.000000	1.342111e-07
	47.500000	1.384630e-07
	48.000000	3.646236e-07
	48.500000	9.057102e-22
	49.000000	0.000000e+00
	49.500000	0.000000e+00
	50.000000	2.325998e-07

#################################################################################################################################################

Energy 55 			# in MeV 
Multiplicity PromptGamma 1.274980
Differential_cross_section PromptGamma 109 	 # Secondary particule & Nbr of rows (Energies) 
# 	Energy(MeV)	Int.(b/MeV)
	0.500000	1.331744e-01
	1.000000	1.796503e-01
	1.500000	3.503301e-01
	2.000000	3.684777e-01
	2.500000	1.764401e-01
	3.000000	1.881812e-01
	3.500000	1.826737e-01
	4.000000	7.473071e-02
	4.500000	4.255114e-02
	5.000000	3.179713e-02
	5.500000	2.705051e-02
	6.000000	1.940313e-02
	6.500000	1.148167e-02
	7.000000	8.836605e-03
	7.500000	5.256625e-03
	8.000000	2.905845e-03
	8.500000	2.226995e-03
	9.000000	1.082564e-03
	9.500000	3.188864e-04
	10.000000	1.948809e-04
	10.500000	1.225725e-04
	11.000000	7.932968e-05
	11.500000	1.430408e-05
	12.000000	6.908020e-06
	12.500000	5.908819e-06
	13.000000	4.982805e-06
	13.500000	4.318253e-06
	14.000000	3.978193e-06
	14.500000	3.917490e-06
	15.000000	4.086837e-06
	15.500000	4.467774e-06
	16.000000	5.068533e-06
	16.500000	5.947236e-06
	17.000000	7.159856e-06
	17.500000	8.780253e-06
	18.000000	1.088641e-05
	18.500000	1.343474e-05
	19.000000	1.601565e-05
	19.500000	1.768852e-05
	20.000000	1.751077e-05
	20.500000	1.552409e-05
	21.000000	1.270212e-05
	21.500000	9.972516e-06
	22.000000	7.739563e-06
	22.500000	6.039154e-06
	23.000000	4.774660e-06
	23.500000	3.835615e-06
	24.000000	3.131289e-06
	24.500000	2.595615e-06
	25.000000	2.181960e-06
	25.500000	1.857670e-06
	26.000000	1.599783e-06
	26.500000	1.391925e-06
	27.000000	1.222346e-06
	27.500000	1.082422e-06
	28.000000	9.657675e-07
	28.500000	8.675935e-07
	29.000000	7.842545e-07
	29.500000	7.129448e-07
	30.000000	6.514794e-07
	30.500000	5.981394e-07
	31.000000	5.515528e-07
	31.500000	5.106449e-07
	32.000000	4.745218e-07
	32.500000	4.424641e-07
	33.000000	4.138825e-07
	33.500000	3.882888e-07
	34.000000	3.652771e-07
	34.500000	3.445109e-07
	35.000000	3.257040e-07
	35.500000	3.086152e-07
	36.000000	2.930393e-07
	36.500000	2.788028e-07
	37.000000	2.657534e-07
	37.500000	2.537622e-07
	38.000000	2.427177e-07
	38.500000	2.325216e-07
	39.000000	2.230903e-07
	39.500000	2.143468e-07
	40.000000	2.062270e-07
	40.500000	1.986725e-07
	41.000000	1.916332e-07
	41.500000	1.850625e-07
	42.000000	1.789207e-07
	42.500000	1.731715e-07
	43.000000	1.677834e-07
	43.500000	1.627258e-07
	44.000000	1.579744e-07
	44.500000	1.535042e-07
	45.000000	1.492949e-07
	45.500000	1.453269e-07
	46.000000	1.415835e-07
	46.500000	1.380472e-07
	47.000000	1.347066e-07
	47.500000	1.315452e-07
	48.000000	1.285527e-07
	48.500000	1.257181e-07
	49.000000	1.230319e-07
	49.500000	1.204840e-07
	50.000000	1.180661e-07
	50.500000	1.379534e-07
	51.000000	1.061826e-07
	51.500000	7.880534e-08
	52.000000	2.020038e-07
	52.500000	1.051161e-19
	53.000000	2.722720e-07
	53.500000	0.000000e+00
	54.000000	0.000000e+00
	54.500000	2.723630e-07

#################################################################################################################################################

Energy 60 			# in MeV 
Multiplicity PromptGamma 1.267814
Differential_cross_section PromptGamma 119 	 # Secondary particule & Nbr of rows (Energies) 
# 	Energy(MeV)	Int.(b/MeV)
	0.500000	1.270134e-01
	1.000000	1.910000e-01
	1.500000	3.320118e-01
	2.000000	3.544421e-01
	2.500000	1.683581e-01
	3.000000	1.791394e-01
	3.500000	1.722687e-01
	4.000000	7.294824e-02
	4.500000	4.058059e-02
	5.000000	3.684072e-02
	5.500000	2.547125e-02
	6.000000	1.905697e-02
	6.500000	1.199224e-02
	7.000000	8.119214e-03
	7.500000	4.465511e-03
	8.000000	2.970531e-03
	8.500000	2.197248e-03
	9.000000	7.397254e-04
	9.500000	3.216002e-04
	10.000000	2.024574e-04
	10.500000	1.414221e-04
	11.000000	9.636485e-05
	11.500000	2.546923e-05
	12.000000	8.184025e-06
	12.500000	6.071628e-06
	13.000000	5.123866e-06
	13.500000	4.455379e-06
	14.000000	4.111982e-06
	14.500000	4.048942e-06
	15.000000	4.221943e-06
	15.500000	4.615149e-06
	16.000000	5.236521e-06
	16.500000	6.148076e-06
	17.000000	7.407502e-06
	17.500000	9.088788e-06
	18.000000	1.127179e-05
	18.500000	1.390537e-05
	19.000000	1.655167e-05
	19.500000	1.822385e-05
	20.000000	1.796293e-05
	20.500000	1.585870e-05
	21.000000	1.293583e-05
	21.500000	1.013549e-05
	22.000000	7.855400e-06
	22.500000	6.122996e-06
	23.000000	4.836350e-06
	23.500000	3.881088e-06
	24.000000	3.164767e-06
	24.500000	2.620015e-06
	25.000000	2.199410e-06
	25.500000	1.869699e-06
	26.000000	1.607540e-06
	26.500000	1.396302e-06
	27.000000	1.224017e-06
	27.500000	1.081915e-06
	28.000000	9.634874e-07
	28.500000	8.639155e-07
	29.000000	7.794399e-07
	29.500000	7.072091e-07
	30.000000	6.449967e-07
	30.500000	5.910532e-07
	31.000000	5.439882e-07
	31.500000	5.026840e-07
	32.000000	4.662428e-07
	32.500000	4.339287e-07
	33.000000	4.051430e-07
	33.500000	3.793863e-07
	34.000000	3.562459e-07
	34.500000	3.353790e-07
	35.000000	3.164938e-07
	35.500000	2.993432e-07
	36.000000	2.837187e-07
	36.500000	2.694467e-07
	37.000000	2.563706e-07
	37.500000	2.443595e-07
	38.000000	2.332999e-07
	38.500000	2.230925e-07
	39.000000	2.136521e-07
	39.500000	2.049018e-07
	40.000000	1.967764e-07
	40.500000	1.892183e-07
	41.000000	1.821732e-07
	41.500000	1.755970e-07
	42.000000	1.694506e-07
	42.500000	1.636943e-07
	43.000000	1.582997e-07
	43.500000	1.532344e-07
	44.000000	1.484735e-07
	44.500000	1.439937e-07
	45.000000	1.397725e-07
	45.500000	1.357921e-07
	46.000000	1.320345e-07
	46.500000	1.284838e-07
	47.000000	1.251237e-07
	47.500000	1.219443e-07
	48.000000	1.189315e-07
	48.500000	1.160735e-07
	49.000000	1.133623e-07
	49.500000	1.107872e-07
	50.000000	1.083401e-07
	50.500000	1.060129e-07
	51.000000	1.037985e-07
	51.500000	1.016915e-07
	52.000000	9.968290e-08
	52.500000	9.776923e-08
	53.000000	9.594417e-08
	53.500000	9.420323e-08
	54.000000	9.254197e-08
	54.500000	9.095590e-08
	55.000000	1.992548e-08
	55.500000	8.536506e-08
	56.000000	8.130661e-08
	56.500000	1.121513e-07
	57.000000	1.039336e-07
	57.500000	1.633721e-20
	58.000000	2.109033e-07
	58.500000	0.000000e+00
	59.000000	0.000000e+00
	59.500000	1.583856e-07

#################################################################################################################################################

Energy 65 			# in MeV 
Multiplicity PromptGamma 1.272338
Differential_cross_section PromptGamma 129 	 # Secondary particule & Nbr of rows (Energies) 
# 	Energy(MeV)	Int.(b/MeV)
	0.500000	1.241842e-01
	1.000000	2.010247e-01
	1.500000	3.067064e-01
	2.000000	3.487261e-01
	2.500000	1.686621e-01
	3.000000	1.744275e-01
	3.500000	1.628877e-01
	4.000000	7.048615e-02
	4.500000	3.924297e-02
	5.000000	3.676672e-02
	5.500000	2.479503e-02
	6.000000	1.825513e-02
	6.500000	1.185136e-02
	7.000000	8.688255e-03
	7.500000	4.845338e-03
	8.000000	3.160256e-03
	8.500000	2.347197e-03
	9.000000	9.917804e-04
	9.500000	3.195994e-04
	10.000000	1.954709e-04
	10.500000	1.217546e-04
	11.000000	7.107981e-05
	11.500000	1.011233e-05
	12.000000	7.790819e-06
	12.500000	6.629156e-06
	13.000000	5.421637e-06
	13.500000	4.663759e-06
	14.000000	4.288940e-06
	14.500000	4.212793e-06
	15.000000	4.385707e-06
	15.500000	4.788733e-06
	16.000000	5.430209e-06
	16.500000	6.374172e-06
	17.000000	7.680357e-06
	17.500000	9.424737e-06
	18.000000	1.168588e-05
	18.500000	1.440516e-05
	19.000000	1.711555e-05
	19.500000	1.878187e-05
	20.000000	1.842967e-05
	20.500000	1.619980e-05
	21.000000	1.317101e-05
	21.500000	1.029762e-05
	22.000000	7.969439e-06
	22.500000	6.204586e-06
	23.000000	4.896023e-06
	23.500000	3.925133e-06
	24.000000	3.197361e-06
	24.500000	2.644071e-06
	25.000000	2.216914e-06
	25.500000	1.882168e-06
	26.000000	1.616069e-06
	26.500000	1.401706e-06
	27.000000	1.226946e-06
	27.500000	1.082876e-06
	28.000000	9.628845e-07
	28.500000	8.620357e-07
	29.000000	7.765128e-07
	29.500000	7.034360e-07
	30.000000	6.405421e-07
	30.500000	5.860458e-07
	31.000000	5.385389e-07
	31.500000	4.968764e-07
	32.000000	4.601463e-07
	32.500000	4.276038e-07
	33.000000	3.986296e-07
	33.500000	3.727322e-07
	34.000000	3.494839e-07
	34.500000	3.285338e-07
	35.000000	3.095847e-07
	35.500000	2.923892e-07
	36.000000	2.767338e-07
	36.500000	2.624383e-07
	37.000000	2.493486e-07
	37.500000	2.373294e-07
	38.000000	2.262658e-07
	38.500000	2.160586e-07
	39.000000	2.066206e-07
	39.500000	1.978735e-07
	40.000000	1.897527e-07
	40.500000	1.821990e-07
	41.000000	1.751584e-07
	41.500000	1.685873e-07
	42.000000	1.624440e-07
	42.500000	1.566919e-07
	43.000000	1.512978e-07
	43.500000	1.462329e-07
	44.000000	1.414721e-07
	44.500000	1.369909e-07
	45.000000	1.327676e-07
	45.500000	1.287830e-07
	46.000000	1.250205e-07
	46.500000	1.214637e-07
	47.000000	1.180976e-07
	47.500000	1.149109e-07
	48.000000	1.118889e-07
	48.500000	1.090220e-07
	49.000000	1.063005e-07
	49.500000	1.037141e-07
	50.000000	1.012531e-07
	50.500000	9.891321e-08
	51.000000	9.668484e-08
	51.500000	9.456097e-08
	52.000000	9.253644e-08
	52.500000	9.060511e-08
	53.000000	8.876090e-08
	53.500000	8.700005e-08
	54.000000	8.531736e-08
	54.500000	8.370860e-08
	55.000000	8.216991e-08
	55.500000	8.069750e-08
	56.000000	7.928790e-08
	56.500000	7.793807e-08
	57.000000	7.664486e-08
	57.500000	7.540556e-08
	58.000000	7.421758e-08
	58.500000	7.307838e-08
	59.000000	7.198589e-08
	59.500000	7.093772e-08
	60.000000	4.983791e-08
	60.500000	5.531009e-08
	61.000000	4.168400e-08
	61.500000	8.858058e-08
	62.000000	8.230328e-08
	62.500000	3.189094e-21
	63.000000	1.676047e-07
	63.500000	0.000000e+00
	64.000000	0.000000e+00
	64.500000	1.085690e-07

#################################################################################################################################################

Energy 70 			# in MeV 
Multiplicity PromptGamma 1.249350
Differential_cross_section PromptGamma 69 	 # Secondary particule & Nbr of rows (Energies) 
# 	Energy(MeV)	Int.(b/MeV)
	1.000000	1.719903e-01
	2.000000	3.260134e-01
	3.000000	1.450293e-01
	4.000000	9.732868e-02
	5.000000	3.045988e-02
	6.000000	1.760417e-02
	7.000000	8.628314e-03
	8.000000	3.105389e-03
	9.000000	6.943139e-04
	10.000000	2.377559e-04
	11.000000	1.096631e-04
	12.000000	1.146704e-05
	13.000000	6.032065e-06
	14.000000	4.423117e-06
	15.000000	4.497098e-06
	16.000000	5.562505e-06
	17.000000	7.873830e-06
	18.000000	1.198859e-05
	19.000000	1.753110e-05
	20.000000	1.876193e-05
	21.000000	1.332726e-05
	22.000000	8.042366e-06
	23.000000	4.934670e-06
	24.000000	3.218534e-06
	25.000000	2.228096e-06
	26.000000	1.621117e-06
	27.000000	1.228068e-06
	28.000000	9.614117e-07
	29.000000	7.733824e-07
	30.000000	6.363196e-07
	31.000000	5.336165e-07
	32.000000	4.547868e-07
	33.000000	3.930205e-07
	34.000000	3.437350e-07
	35.000000	3.037763e-07
	36.000000	2.709188e-07
	37.000000	2.435588e-07
	38.000000	2.205167e-07
	39.000000	2.009231e-07
	40.000000	1.841094e-07
	41.000000	1.695654e-07
	42.000000	1.568954e-07
	43.000000	1.457883e-07
	44.000000	1.359936e-07
	45.000000	1.273130e-07
	46.000000	1.195839e-07
	47.000000	1.126728e-07
	48.000000	1.064684e-07
	49.000000	1.008797e-07
	50.000000	9.583007e-08
	51.000000	9.125334e-08
	52.000000	8.709471e-08
	53.000000	8.330525e-08
	54.000000	7.984487e-08
	55.000000	7.667808e-08
	56.000000	7.377400e-08
	57.000000	7.110596e-08
	58.000000	6.865034e-08
	59.000000	6.638695e-08
	60.000000	6.429743e-08
	61.000000	6.236629e-08
	62.000000	6.057940e-08
	63.000000	5.892441e-08
	64.000000	5.739062e-08
	65.000000	3.325590e-08
	66.000000	6.151199e-08
	67.000000	3.325507e-08
	68.000000	6.791883e-08
	69.000000	1.067713e-07

#################################################################################################################################################

Energy 75 			# in MeV 
Multiplicity PromptGamma 1.262061
Differential_cross_section PromptGamma 74 	 # Secondary particule & Nbr of rows (Energies) 
# 	Energy(MeV)	Int.(b/MeV)
	1.000000	1.690866e-01
	2.000000	3.143377e-01
	3.000000	1.442754e-01
	4.000000	9.399413e-02
	5.000000	3.088407e-02
	6.000000	1.856301e-02
	7.000000	9.351925e-03
	8.000000	3.306278e-03
	9.000000	1.142728e-03
	10.000000	1.794227e-04
	11.000000	4.961423e-05
	12.000000	1.153110e-05
	13.000000	7.547261e-06
	14.000000	4.591909e-06
	15.000000	4.614324e-06
	16.000000	5.702798e-06
	17.000000	8.080120e-06
	18.000000	1.231639e-05
	19.000000	1.799502e-05
	20.000000	1.915262e-05
	21.000000	1.352707e-05
	22.000000	8.142153e-06
	23.000000	4.989790e-06
	24.000000	3.250854e-06
	25.000000	2.247447e-06
	26.000000	1.632545e-06
	27.000000	1.234428e-06
	28.000000	9.644637e-07
	29.000000	7.741615e-07
	30.000000	6.355428e-07
	31.000000	5.317801e-07
	32.000000	4.522072e-07
	33.000000	3.899595e-07
	34.000000	3.403575e-07
	35.000000	3.001967e-07
	36.000000	2.672162e-07
	37.000000	2.397861e-07
	38.000000	2.167141e-07
	39.000000	1.971099e-07
	40.000000	1.802984e-07
	41.000000	1.657643e-07
	42.000000	1.531071e-07
	43.000000	1.420106e-07
	44.000000	1.322261e-07
	45.000000	1.235504e-07
	46.000000	1.158239e-07
	47.000000	1.089103e-07
	48.000000	1.027012e-07
	49.000000	9.710275e-08
	50.000000	9.204007e-08
	51.000000	8.744866e-08
	52.000000	8.327147e-08
	53.000000	7.946283e-08
	54.000000	7.598149e-08
	55.000000	7.279238e-08
	56.000000	6.986492e-08
	57.000000	6.717262e-08
	58.000000	6.469198e-08
	59.000000	6.240256e-08
	60.000000	6.028640e-08
	61.000000	5.832722e-08
	62.000000	5.651103e-08
	63.000000	5.482532e-08
	64.000000	5.325873e-08
	65.000000	5.180156e-08
	66.000000	5.044486e-08
	67.000000	4.918060e-08
	68.000000	4.800181e-08
	69.000000	4.690219e-08
	70.000000	3.475532e-08
	71.000000	4.327799e-08
	72.000000	2.746411e-08
	73.000000	5.621097e-08
	74.000000	6.430672e-08

#################################################################################################################################################

Energy 80 			# in MeV 
Multiplicity PromptGamma 1.251505
Differential_cross_section PromptGamma 79 	 # Secondary particule & Nbr of rows (Energies) 
# 	Energy(MeV)	Int.(b/MeV)
	1.000000	1.665017e-01
	2.000000	3.034583e-01
	3.000000	1.403704e-01
	4.000000	8.261246e-02
	5.000000	3.207826e-02
	6.000000	1.877219e-02
	7.000000	8.716918e-03
	8.000000	3.408519e-03
	9.000000	1.468437e-03
	10.000000	2.148954e-04
	11.000000	7.018290e-05
	12.000000	1.147947e-05
	13.000000	5.960945e-06
	14.000000	4.668965e-06
	15.000000	4.733633e-06
	16.000000	5.848192e-06
	17.000000	8.294610e-06
	18.000000	1.265786e-05
	19.000000	1.848039e-05
	20.000000	1.957452e-05
	21.000000	1.375246e-05
	22.000000	8.259390e-06
	23.000000	5.056755e-06
	24.000000	3.291160e-06
	25.000000	2.272874e-06
	26.000000	1.648782e-06
	27.000000	1.244693e-06
	28.000000	9.707620e-07
	29.000000	7.777269e-07
	30.000000	6.372118e-07
	31.000000	5.321186e-07
	32.000000	4.516261e-07
	33.000000	3.887154e-07
	34.000000	3.386485e-07
	35.000000	2.981669e-07
	36.000000	2.649671e-07
	37.000000	2.373853e-07
	38.000000	2.142210e-07
	39.000000	1.945591e-07
	40.000000	1.777132e-07
	41.000000	1.631606e-07
	42.000000	1.504939e-07
	43.000000	1.393930e-07
	44.000000	1.296047e-07
	45.000000	1.209275e-07
	46.000000	1.131948e-07
	47.000000	1.062738e-07
	48.000000	1.000534e-07
	49.000000	9.444413e-08
	50.000000	8.936715e-08
	51.000000	8.475768e-08
	52.000000	8.056121e-08
	53.000000	7.673157e-08
	54.000000	7.322775e-08
	55.000000	7.001500e-08
	56.000000	6.706326e-08
	57.000000	6.434599e-08
	58.000000	6.183996e-08
	59.000000	5.952511e-08
	60.000000	5.738321e-08
	61.000000	5.539822e-08
	62.000000	5.355633e-08
	63.000000	5.184465e-08
	64.000000	5.025215e-08
	65.000000	4.876854e-08
	66.000000	4.738498e-08
	67.000000	4.609326e-08
	68.000000	4.488637e-08
	69.000000	4.375741e-08
	70.000000	4.270080e-08
	71.000000	4.171115e-08
	72.000000	4.078380e-08
	73.000000	3.991442e-08
	74.000000	3.909913e-08
	75.000000	4.071249e-08
	76.000000	3.019914e-08
	77.000000	6.494995e-08
	78.000000	0.000000e+00
	79.000000	3.759894e-08

#################################################################################################################################################

Energy 85 			# in MeV 
Multiplicity PromptGamma 1.254826
Differential_cross_section PromptGamma 84 	 # Secondary particule & Nbr of rows (Energies) 
# 	Energy(MeV)	Int.(b/MeV)
	1.000000	1.650822e-01
	2.000000	2.966420e-01
	3.000000	1.367909e-01
	4.000000	7.826255e-02
	5.000000	3.161368e-02
	6.000000	1.862032e-02
	7.000000	8.178674e-03
	8.000000	3.630466e-03
	9.000000	1.654773e-03
	10.000000	2.573988e-04
	11.000000	1.078965e-04
	12.000000	1.482814e-05
	13.000000	6.358918e-06
	14.000000	4.870894e-06
	15.000000	4.917631e-06
	16.000000	6.067025e-06
	17.000000	8.610308e-06
	18.000000	1.314985e-05
	19.000000	1.917723e-05
	20.000000	2.020032e-05
	21.000000	1.410760e-05
	22.000000	8.448193e-06
	23.000000	5.164575e-06
	24.000000	3.357422e-06
	25.000000	2.315238e-06
	26.000000	1.676717e-06
	27.000000	1.263463e-06
	28.000000	9.834457e-07
	29.000000	7.861435e-07
	30.000000	6.427898e-07
	31.000000	5.356706e-07
	32.000000	4.537334e-07
	33.000000	3.897783e-07
	34.000000	3.389574e-07
	35.000000	2.979284e-07
	36.000000	2.643340e-07
	37.000000	2.364724e-07
	38.000000	2.131012e-07
	39.000000	1.932897e-07
	40.000000	1.763365e-07
	41.000000	1.617066e-07
	42.000000	1.489805e-07
	43.000000	1.378383e-07
	44.000000	1.280170e-07
	45.000000	1.193112e-07
	46.000000	1.115554e-07
	47.000000	1.046116e-07
	48.000000	9.837013e-08
	49.000000	9.273713e-08
	50.000000	8.763598e-08
	51.000000	8.300246e-08
	52.000000	7.878002e-08
	53.000000	7.492356e-08
	54.000000	7.139209e-08
	55.000000	6.815109e-08
	56.000000	6.517054e-08
	57.000000	6.242410e-08
	58.000000	5.988893e-08
	59.000000	5.754469e-08
	60.000000	5.537378e-08
	61.000000	5.336019e-08
	62.000000	5.148991e-08
	63.000000	4.975038e-08
	64.000000	4.813038e-08
	65.000000	4.661994e-08
	66.000000	4.520984e-08
	67.000000	4.389208e-08
	68.000000	4.265926e-08
	69.000000	4.150487e-08
	70.000000	4.042270e-08
	71.000000	3.940751e-08
	72.000000	3.845441e-08
	73.000000	3.755882e-08
	74.000000	3.671673e-08
	75.000000	3.592458e-08
	76.000000	3.517904e-08
	77.000000	3.447700e-08
	78.000000	3.381600e-08
	79.000000	3.319324e-08
	80.000000	3.471259e-08
	81.000000	4.085029e-08
	82.000000	4.051382e-08
	83.000000	0.000000e+00
	84.000000	2.649983e-08

#################################################################################################################################################

Energy 90 			# in MeV 
Multiplicity PromptGamma 1.253182
Differential_cross_section PromptGamma 89 	 # Secondary particule & Nbr of rows (Energies) 
# 	Energy(MeV)	Int.(b/MeV)
	1.000000	1.606382e-01
	2.000000	2.908932e-01
	3.000000	1.317198e-01
	4.000000	7.739138e-02
	5.000000	3.273727e-02
	6.000000	1.895363e-02
	7.000000	7.674271e-03
	8.000000	3.644923e-03
	9.000000	1.370623e-03
	10.000000	2.516561e-04
	11.000000	9.916285e-05
	12.000000	1.877254e-05
	13.000000	6.699243e-06
	14.000000	4.995621e-06
	15.000000	5.035870e-06
	16.000000	6.210609e-06
	17.000000	8.825602e-06
	18.000000	1.349809e-05
	19.000000	1.967647e-05
	20.000000	2.064248e-05
	21.000000	1.435146e-05
	22.000000	8.577686e-06
	23.000000	5.239480e-06
	24.000000	3.403762e-06
	25.000000	2.345048e-06
	26.000000	1.696332e-06
	27.000000	1.276441e-06
	28.000000	9.919539e-07
	29.000000	7.917433e-07
	30.000000	6.461939e-07
	31.000000	5.375119e-07
	32.000000	4.544769e-07
	33.000000	3.897248e-07
	34.000000	3.383089e-07
	35.000000	2.968897e-07
	36.000000	2.630232e-07
	37.000000	2.349780e-07
	38.000000	2.114845e-07
	39.000000	1.915975e-07
	40.000000	1.746029e-07
	41.000000	1.599535e-07
	42.000000	1.472261e-07
	43.000000	1.360892e-07
	44.000000	1.262800e-07
	45.000000	1.175897e-07
	46.000000	1.098479e-07
	47.000000	1.029183e-07
	48.000000	9.668822e-08
	49.000000	9.106449e-08
	50.000000	8.596988e-08
	51.000000	8.134010e-08
	52.000000	7.711833e-08
	53.000000	7.325969e-08
	54.000000	6.972337e-08
	55.000000	6.647495e-08
	56.000000	6.348488e-08
	57.000000	6.072722e-08
	58.000000	5.817916e-08
	59.000000	5.582104e-08
	60.000000	5.363491e-08
	61.000000	5.160540e-08
	62.000000	4.971874e-08
	63.000000	4.796228e-08
	64.000000	4.632512e-08
	65.000000	4.479735e-08
	66.000000	4.336988e-08
	67.000000	4.203476e-08
	68.000000	4.078466e-08
	69.000000	3.961290e-08
	70.000000	3.851374e-08
	71.000000	3.748150e-08
	72.000000	3.651133e-08
	73.000000	3.559878e-08
	74.000000	3.473966e-08
	75.000000	3.393028e-08
	76.000000	3.316723e-08
	77.000000	3.244747e-08
	78.000000	3.176799e-08
	79.000000	3.112643e-08
	80.000000	3.052023e-08
	81.000000	2.994741e-08
	82.000000	2.940586e-08
	83.000000	2.889390e-08
	84.000000	3.159820e-09
	85.000000	2.665682e-08
	86.000000	3.514632e-08
	87.000000	3.491369e-08
	88.000000	0.000000e+00
	89.000000	2.286132e-08

#################################################################################################################################################

Energy 95 			# in MeV 
Multiplicity PromptGamma 1.255698
Differential_cross_section PromptGamma 94 	 # Secondary particule & Nbr of rows (Energies) 
# 	Energy(MeV)	Int.(b/MeV)
	1.000000	1.586110e-01
	2.000000	2.846671e-01
	3.000000	1.293520e-01
	4.000000	7.722160e-02
	5.000000	3.125137e-02
	6.000000	1.690175e-02
	7.000000	8.065504e-03
	8.000000	3.904735e-03
	9.000000	1.587696e-03
	10.000000	2.918399e-04
	11.000000	1.062091e-04
	12.000000	2.230818e-05
	13.000000	7.250256e-06
	14.000000	5.150385e-06
	15.000000	5.167613e-06
	16.000000	6.368541e-06
	17.000000	9.059080e-06
	18.000000	1.387463e-05
	19.000000	2.022701e-05
	20.000000	2.113890e-05
	21.000000	1.463240e-05
	22.000000	8.728528e-06
	23.000000	5.325418e-06
	24.000000	3.457076e-06
	25.000000	2.379663e-06
	26.000000	1.719437e-06
	27.000000	1.292041e-06
	28.000000	1.002581e-06
	29.000000	7.988990e-07
	30.000000	6.509110e-07
	31.000000	5.404863e-07
	32.000000	4.561888e-07
	33.000000	3.905204e-07
	34.000000	3.384714e-07
	35.000000	2.965631e-07
	36.000000	2.623462e-07
	37.000000	2.340543e-07
	38.000000	2.103896e-07
	39.000000	1.903763e-07
	40.000000	1.733115e-07
	41.000000	1.586204e-07
	42.000000	1.458738e-07
	43.000000	1.347294e-07
	44.000000	1.249245e-07
	45.000000	1.162425e-07
	46.000000	1.085122e-07
	47.000000	1.015961e-07
	48.000000	9.537869e-08
	49.000000	8.976703e-08
	50.000000	8.468225e-08
	51.000000	8.005882e-08
	52.000000	7.584172e-08
	53.000000	7.198544e-08
	54.000000	6.844872e-08
	55.000000	6.519759e-08
	56.000000	6.220268e-08
	57.000000	5.943800e-08
	58.000000	5.688125e-08
	59.000000	5.451276e-08
	60.000000	5.231513e-08
	61.000000	5.027296e-08
	62.000000	4.837254e-08
	63.000000	4.660191e-08
	64.000000	4.494996e-08
	65.000000	4.340704e-08
	66.000000	4.196413e-08
	67.000000	4.061335e-08
	68.000000	3.934762e-08
	69.000000	3.816047e-08
	70.000000	3.704566e-08
	71.000000	3.599804e-08
	72.000000	3.501278e-08
	73.000000	3.408513e-08
	74.000000	3.321112e-08
	75.000000	3.238698e-08
	76.000000	3.160934e-08
	77.000000	3.087493e-08
	78.000000	3.018101e-08
	79.000000	2.952496e-08
	80.000000	2.890419e-08
	81.000000	2.831654e-08
	82.000000	2.775991e-08
	83.000000	2.723253e-08
	84.000000	2.673268e-08
	85.000000	2.625873e-08
	86.000000	2.580927e-08
	87.000000	2.538287e-08
	88.000000	2.497835e-08
	89.000000	5.100959e-09
	90.000000	2.078937e-08
	91.000000	3.056053e-08
	92.000000	3.040105e-08
	93.000000	0.000000e+00
	94.000000	1.992102e-08

#################################################################################################################################################

Energy 100 			# in MeV 
Multiplicity PromptGamma 1.255986
Differential_cross_section PromptGamma 99 	 # Secondary particule & Nbr of rows (Energies) 
# 	Energy(MeV)	Int.(b/MeV)
	1.000000	1.577088e-01
	2.000000	2.852310e-01
	3.000000	1.243326e-01
	4.000000	7.442223e-02
	5.000000	3.121346e-02
	6.000000	1.512733e-02
	7.000000	7.741078e-03
	8.000000	3.849293e-03
	9.000000	9.777409e-04
	10.000000	3.219549e-04
	11.000000	1.166561e-04
	12.000000	2.599942e-05
	13.000000	8.166377e-06
	14.000000	5.320872e-06
	15.000000	5.305744e-06
	16.000000	6.536134e-06
	17.000000	9.309405e-06
	18.000000	1.428190e-05
	19.000000	2.082322e-05
	20.000000	2.168609e-05
	21.000000	1.495058e-05
	22.000000	8.902352e-06
	23.000000	5.429017e-06
	24.000000	3.521971e-06
	25.000000	2.422271e-06
	26.000000	1.748333e-06
	27.000000	1.312056e-06
	28.000000	1.016327e-06
	29.000000	8.085685e-07
	30.000000	6.576715e-07
	31.000000	5.451562e-07
	32.000000	4.593326e-07
	33.000000	3.925392e-07
	34.000000	3.396568e-07
	35.000000	2.971312e-07
	36.000000	2.624604e-07
	37.000000	2.338342e-07
	38.000000	2.099280e-07
	39.000000	1.897526e-07
	40.000000	1.725640e-07
	41.000000	1.577874e-07
	42.000000	1.449835e-07
	43.000000	1.338058e-07
	44.000000	1.239755e-07
	45.000000	1.152860e-07
	46.000000	1.075558e-07
	47.000000	1.006427e-07
	48.000000	9.443112e-08
	49.000000	8.882582e-08
	50.000000	8.374700e-08
	51.000000	7.912876e-08
	52.000000	7.491619e-08
	53.000000	7.106124e-08
	54.000000	6.752459e-08
	55.000000	6.427162e-08
	56.000000	6.127295e-08
	57.000000	5.850274e-08
	58.000000	5.593902e-08
	59.000000	5.356188e-08
	60.000000	5.135439e-08
	61.000000	4.930120e-08
	62.000000	4.738873e-08
	63.000000	4.560521e-08
	64.000000	4.393959e-08
	65.000000	4.238255e-08
	66.000000	4.092518e-08
	67.000000	3.955970e-08
	68.000000	3.827908e-08
	69.000000	3.707674e-08
	70.000000	3.594705e-08
	71.000000	3.488449e-08
	72.000000	3.388433e-08
	73.000000	3.294215e-08
	74.000000	3.205365e-08
	75.000000	3.121538e-08
	76.000000	3.042376e-08
	77.000000	2.967570e-08
	78.000000	2.896829e-08
	79.000000	2.829887e-08
	80.000000	2.766490e-08
	81.000000	2.706424e-08
	82.000000	2.649485e-08
	83.000000	2.595475e-08
	84.000000	2.544204e-08
	85.000000	2.495525e-08
	86.000000	2.449277e-08
	87.000000	2.405342e-08
	88.000000	2.363560e-08
	89.000000	2.323829e-08
	90.000000	2.286038e-08
	91.000000	2.250092e-08
	92.000000	2.215890e-08
	93.000000	2.183349e-08
	94.000000	7.673142e-09
	95.000000	2.250019e-08
	96.000000	1.938795e-08
	97.000000	2.673766e-08
	98.000000	0.000000e+00
	99.000000	1.753033e-08

#################################################################################################################################################

Energy 110 			# in MeV 
Multiplicity PromptGamma 1.257352
Differential_cross_section PromptGamma 108 	 # Secondary particule & Nbr of rows (Energies) 
# 	Energy(MeV)	Int.(b/MeV)
	1.000000	1.567659e-01
	2.000000	2.786429e-01
	3.000000	1.205126e-01
	4.000000	7.019803e-02
	5.000000	2.742928e-02
	6.000000	1.531509e-02
	7.000000	7.756732e-03
	8.000000	3.415352e-03
	9.000000	6.964686e-04
	10.000000	3.197640e-04
	11.000000	1.101469e-04
	12.000000	3.135248e-05
	13.000000	1.424851e-05
	14.000000	5.850235e-06
	15.000000	5.642811e-06
	16.000000	6.937303e-06
	17.000000	9.906527e-06
	18.000000	1.525243e-05
	19.000000	2.224938e-05
	20.000000	2.303045e-05
	21.000000	1.575646e-05
	22.000000	9.349443e-06
	23.000000	5.692557e-06
	24.000000	3.687625e-06
	25.000000	2.531654e-06
	26.000000	1.823184e-06
	27.000000	1.364545e-06
	28.000000	1.054094e-06
	29.000000	8.358235e-07
	30.000000	6.774341e-07
	31.000000	5.594936e-07
	32.000000	4.696635e-07
	33.000000	3.999004e-07
	34.000000	3.448013e-07
	35.000000	3.006074e-07
	36.000000	2.646798e-07
	37.000000	2.351077e-07
	38.000000	2.104589e-07
	39.000000	1.897629e-07
	40.000000	1.721879e-07
	41.000000	1.571305e-07
	42.000000	1.441238e-07
	43.000000	1.328037e-07
	44.000000	1.228809e-07
	45.000000	1.141269e-07
	46.000000	1.063562e-07
	47.000000	9.942156e-08
	48.000000	9.319954e-08
	49.000000	8.759231e-08
	50.000000	8.251631e-08
	51.000000	7.790370e-08
	52.000000	7.369667e-08
	53.000000	6.984722e-08
	54.000000	6.631351e-08
	55.000000	6.306227e-08
	56.000000	6.006272e-08
	57.000000	5.728894e-08
	58.000000	5.471874e-08
	59.000000	5.233254e-08
	60.000000	5.011327e-08
	61.000000	4.804589e-08
	62.000000	4.611730e-08
	63.000000	4.431539e-08
	64.000000	4.262994e-08
	65.000000	4.105136e-08
	66.000000	3.957134e-08
	67.000000	3.818213e-08
	68.000000	3.687697e-08
	69.000000	3.564955e-08
	70.000000	3.449426e-08
	71.000000	3.340587e-08
	72.000000	3.237960e-08
	73.000000	3.141132e-08
	74.000000	3.049701e-08
	75.000000	2.963289e-08
	76.000000	2.881584e-08
	77.000000	2.804262e-08
	78.000000	2.731031e-08
	79.000000	2.661650e-08
	80.000000	2.595874e-08
	81.000000	2.533454e-08
	82.000000	2.474211e-08
	83.000000	2.417932e-08
	84.000000	2.364444e-08
	85.000000	2.313591e-08
	86.000000	2.265195e-08
	87.000000	2.219140e-08
	88.000000	2.175263e-08
	89.000000	2.133464e-08
	90.000000	2.093607e-08
	91.000000	2.055600e-08
	92.000000	2.019341e-08
	93.000000	1.984733e-08
	94.000000	1.951688e-08
	95.000000	1.920120e-08
	96.000000	1.889967e-08
	97.000000	1.861149e-08
	98.000000	1.833602e-08
	99.000000	1.807269e-08
	100.000000	1.782099e-08
	101.000000	1.758022e-08
	102.000000	1.735009e-08
	103.000000	1.713003e-08
	104.000000	1.007089e-08
	105.000000	1.881727e-08
	106.000000	1.027339e-08
	107.000000	2.118891e-08
	108.000000	8.488829e-08

#################################################################################################################################################

Energy 120 			# in MeV 
Multiplicity PromptGamma 1.254158
Differential_cross_section PromptGamma 118 	 # Secondary particule & Nbr of rows (Energies) 
# 	Energy(MeV)	Int.(b/MeV)
	1.000000	1.542205e-01
	2.000000	2.734646e-01
	3.000000	1.180551e-01
	4.000000	6.189737e-02
	5.000000	2.821866e-02
	6.000000	1.620896e-02
	7.000000	8.628289e-03
	8.000000	3.517018e-03
	9.000000	1.356049e-03
	10.000000	3.209645e-04
	11.000000	1.074849e-04
	12.000000	2.428125e-05
	13.000000	7.941298e-06
	14.000000	5.936407e-06
	15.000000	5.924014e-06
	16.000000	7.290934e-06
	17.000000	1.044580e-05
	18.000000	1.615630e-05
	19.000000	2.364038e-05
	20.000000	2.439700e-05
	21.000000	1.660855e-05
	22.000000	9.834761e-06
	23.000000	5.984349e-06
	24.000000	3.874401e-06
	25.000000	2.657366e-06
	26.000000	1.910983e-06
	27.000000	1.427485e-06
	28.000000	1.100193e-06
	29.000000	8.695610e-07
	30.000000	7.027015e-07
	31.000000	5.785635e-07
	32.000000	4.840720e-07
	33.000000	4.108015e-07
	34.000000	3.530148e-07
	35.000000	3.067564e-07
	36.000000	2.692329e-07
	37.000000	2.384296e-07
	38.000000	2.128600e-07
	39.000000	1.914190e-07
	40.000000	1.732702e-07
	41.000000	1.577718e-07
	42.000000	1.444299e-07
	43.000000	1.328547e-07
	44.000000	1.227415e-07
	45.000000	1.138467e-07
	46.000000	1.059725e-07
	47.000000	9.896444e-08
	48.000000	9.268574e-08
	49.000000	8.704481e-08
	50.000000	8.194739e-08
	51.000000	7.732148e-08
	52.000000	7.310703e-08
	53.000000	6.925387e-08
	54.000000	6.571913e-08
	55.000000	6.246674e-08
	56.000000	5.946599e-08
	57.000000	5.669045e-08
	58.000000	5.411714e-08
	59.000000	5.172637e-08
	60.000000	4.950088e-08
	61.000000	4.742565e-08
	62.000000	4.548720e-08
	63.000000	4.367392e-08
	64.000000	4.197537e-08
	65.000000	4.038229e-08
	66.000000	3.888630e-08
	67.000000	3.748003e-08
	68.000000	3.615659e-08
	69.000000	3.490993e-08
	70.000000	3.373460e-08
	71.000000	3.262541e-08
	72.000000	3.157798e-08
	73.000000	3.058804e-08
	74.000000	2.965168e-08
	75.000000	2.876541e-08
	76.000000	2.792608e-08
	77.000000	2.713056e-08
	78.000000	2.637618e-08
	79.000000	2.566029e-08
	80.000000	2.498058e-08
	81.000000	2.433490e-08
	82.000000	2.372120e-08
	83.000000	2.313741e-08
	84.000000	2.258198e-08
	85.000000	2.205324e-08
	86.000000	2.154957e-08
	87.000000	2.106952e-08
	88.000000	2.061189e-08
	89.000000	2.017536e-08
	90.000000	1.975866e-08
	91.000000	1.936090e-08
	92.000000	1.898088e-08
	93.000000	1.861776e-08
	94.000000	1.827065e-08
	95.000000	1.793854e-08
	96.000000	1.762091e-08
	97.000000	1.731682e-08
	98.000000	1.702559e-08
	99.000000	1.674672e-08
	100.000000	1.647945e-08
	101.000000	1.622336e-08
	102.000000	1.597767e-08
	103.000000	1.574225e-08
	104.000000	1.551627e-08
	105.000000	1.529950e-08
	106.000000	1.509140e-08
	107.000000	1.489182e-08
	108.000000	1.470013e-08
	109.000000	1.451613e-08
	110.000000	1.433946e-08
	111.000000	1.416985e-08
	112.000000	1.400716e-08
	113.000000	1.385089e-08
	114.000000	1.456594e-08
	115.000000	1.088869e-08
	116.000000	2.364897e-08
	117.000000	0.000000e+00
	118.000000	2.021084e-08

#################################################################################################################################################

Energy 130 			# in MeV 
Multiplicity PromptGamma 1.253371
Differential_cross_section PromptGamma 128 	 # Secondary particule & Nbr of rows (Energies) 
# 	Energy(MeV)	Int.(b/MeV)
	1.000000	1.520810e-01
	2.000000	2.715464e-01
	3.000000	1.126798e-01
	4.000000	6.119537e-02
	5.000000	2.910344e-02
	6.000000	1.674583e-02
	7.000000	7.593574e-03
	8.000000	3.583008e-03
	9.000000	1.172309e-03
	10.000000	3.527699e-04
	11.000000	1.343824e-04
	12.000000	3.303581e-05
	13.000000	8.690197e-06
	14.000000	6.280197e-06
	15.000000	6.252108e-06
	16.000000	7.694655e-06
	17.000000	1.106539e-05
	18.000000	1.719693e-05
	19.000000	2.523650e-05
	20.000000	2.598711e-05
	21.000000	1.762216e-05
	22.000000	1.042095e-05
	23.000000	6.339980e-06
	24.000000	4.103852e-06
	25.000000	2.813037e-06
	26.000000	2.020694e-06
	27.000000	1.506984e-06
	28.000000	1.159115e-06
	29.000000	9.144167e-07
	30.000000	7.368996e-07
	31.000000	6.048303e-07
	32.000000	5.044055e-07
	33.000000	4.265960e-07
	34.000000	3.653039e-07
	35.000000	3.163319e-07
	36.000000	2.766870e-07
	37.000000	2.442187e-07
	38.000000	2.173395e-07
	39.000000	1.947978e-07
	40.000000	1.758482e-07
	41.000000	1.597207e-07
	42.000000	1.458823e-07
	43.000000	1.339176e-07
	44.000000	1.235008e-07
	45.000000	1.143684e-07
	46.000000	1.063122e-07
	47.000000	9.916368e-08
	48.000000	9.278460e-08
	49.000000	8.706150e-08
	50.000000	8.190294e-08
	51.000000	7.723191e-08
	52.000000	7.298514e-08
	53.000000	6.910763e-08
	54.000000	6.555569e-08
	55.000000	6.229093e-08
	56.000000	5.928085e-08
	57.000000	5.649797e-08
	58.000000	5.391745e-08
	59.000000	5.152115e-08
	60.000000	4.929009e-08
	61.000000	4.720851e-08
	62.000000	4.526308e-08
	63.000000	4.344177e-08
	64.000000	4.173412e-08
	65.000000	4.013093e-08
	66.000000	3.862359e-08
	67.000000	3.720481e-08
	68.000000	3.586800e-08
	69.000000	3.460696e-08
	70.000000	3.341641e-08
	71.000000	3.229118e-08
	72.000000	3.122702e-08
	73.000000	3.021979e-08
	74.000000	2.926564e-08
	75.000000	2.836114e-08
	76.000000	2.750312e-08
	77.000000	2.668883e-08
	78.000000	2.591540e-08
	79.000000	2.518039e-08
	80.000000	2.448149e-08
	81.000000	2.381656e-08
	82.000000	2.318374e-08
	83.000000	2.258097e-08
	84.000000	2.200673e-08
	85.000000	2.145924e-08
	86.000000	2.093720e-08
	87.000000	2.043902e-08
	88.000000	1.996359e-08
	89.000000	1.950949e-08
	90.000000	1.907559e-08
	91.000000	1.866096e-08
	92.000000	1.826440e-08
	93.000000	1.788511e-08
	94.000000	1.752218e-08
	95.000000	1.717466e-08
	96.000000	1.684178e-08
	97.000000	1.652299e-08
	98.000000	1.621741e-08
	99.000000	1.592435e-08
	100.000000	1.564339e-08
	101.000000	1.537377e-08
	102.000000	1.511495e-08
	103.000000	1.486651e-08
	104.000000	1.462784e-08
	105.000000	1.439858e-08
	106.000000	1.417826e-08
	107.000000	1.396641e-08
	108.000000	1.376273e-08
	109.000000	1.356676e-08
	110.000000	1.337835e-08
	111.000000	1.319702e-08
	112.000000	1.302244e-08
	113.000000	1.285431e-08
	114.000000	1.269258e-08
	115.000000	1.253670e-08
	116.000000	1.238673e-08
	117.000000	1.224205e-08
	118.000000	1.210288e-08
	119.000000	1.196879e-08
	120.000000	1.183965e-08
	121.000000	1.171519e-08
	122.000000	1.159534e-08
	123.000000	1.280198e-09
	124.000000	1.083717e-08
	125.000000	1.438655e-08
	126.000000	1.439679e-08
	127.000000	0.000000e+00
	128.000000	9.474569e-09

#################################################################################################################################################

Energy 140 			# in MeV 
Multiplicity PromptGamma 1.245486
Differential_cross_section PromptGamma 138 	 # Secondary particule & Nbr of rows (Energies) 
# 	Energy(MeV)	Int.(b/MeV)
	1.000000	1.498651e-01
	2.000000	2.677225e-01
	3.000000	1.091245e-01
	4.000000	6.031839e-02
	5.000000	2.907054e-02
	6.000000	1.458179e-02
	7.000000	8.005472e-03
	8.000000	3.831834e-03
	9.000000	1.066648e-03
	10.000000	3.723770e-04
	11.000000	1.502892e-04
	12.000000	3.604596e-05
	13.000000	9.753576e-06
	14.000000	6.593416e-06
	15.000000	6.530028e-06
	16.000000	8.045287e-06
	17.000000	1.161207e-05
	18.000000	1.813470e-05
	19.000000	2.670019e-05
	20.000000	2.746428e-05
	21.000000	1.857909e-05
	22.000000	1.098379e-05
	23.000000	6.686830e-06
	24.000000	4.330833e-06
	25.000000	2.969020e-06
	26.000000	2.130422e-06
	27.000000	1.587591e-06
	28.000000	1.219477e-06
	29.000000	9.604121e-07
	30.000000	7.723219e-07
	31.000000	6.323651e-07
	32.000000	5.259308e-07
	33.000000	4.434797e-07
	34.000000	3.786105e-07
	35.000000	3.268089e-07
	36.000000	2.849380e-07
	37.000000	2.506973e-07
	38.000000	2.224092e-07
	39.000000	1.988113e-07
	40.000000	1.789506e-07
	41.000000	1.620945e-07
	42.000000	1.476767e-07
	43.000000	1.352524e-07
	44.000000	1.244697e-07
	45.000000	1.150507e-07
	46.000000	1.067691e-07
	47.000000	9.944549e-08
	48.000000	9.291503e-08
	49.000000	8.709337e-08
	50.000000	8.186036e-08
	51.000000	7.713498e-08
	52.000000	7.284839e-08
	53.000000	6.894387e-08
	54.000000	6.537372e-08
	55.000000	6.209769e-08
	56.000000	5.908155e-08
	57.000000	5.629628e-08
	58.000000	5.371677e-08
	59.000000	5.132161e-08
	60.000000	4.909245e-08
	61.000000	4.701308e-08
	62.000000	4.506974e-08
	63.000000	4.325001e-08
	64.000000	4.154313e-08
	65.000000	3.993966e-08
	66.000000	3.843126e-08
	67.000000	3.701001e-08
	68.000000	3.566989e-08
	69.000000	3.440444e-08
	70.000000	3.320845e-08
	71.000000	3.207672e-08
	72.000000	3.100521e-08
	73.000000	2.998952e-08
	74.000000	2.902615e-08
	75.000000	2.811179e-08
	76.000000	2.724313e-08
	77.000000	2.641754e-08
	78.000000	2.563239e-08
	79.000000	2.488517e-08
	80.000000	2.417373e-08
	81.000000	2.349591e-08
	82.000000	2.284981e-08
	83.000000	2.223369e-08
	84.000000	2.164586e-08
	85.000000	2.108475e-08
	86.000000	2.054890e-08
	87.000000	2.003694e-08
	88.000000	1.954772e-08
	89.000000	1.907991e-08
	90.000000	1.863235e-08
	91.000000	1.820423e-08
	92.000000	1.779427e-08
	93.000000	1.740180e-08
	94.000000	1.702566e-08
	95.000000	1.666538e-08
	96.000000	1.631982e-08
	97.000000	1.598850e-08
	98.000000	1.567069e-08
	99.000000	1.536577e-08
	100.000000	1.507293e-08
	101.000000	1.479170e-08
	102.000000	1.452161e-08
	103.000000	1.426206e-08
	104.000000	1.401256e-08
	105.000000	1.377271e-08
	106.000000	1.354204e-08
	107.000000	1.332009e-08
	108.000000	1.310643e-08
	109.000000	1.290074e-08
	110.000000	1.270268e-08
	111.000000	1.251198e-08
	112.000000	1.232823e-08
	113.000000	1.215110e-08
	114.000000	1.198038e-08
	115.000000	1.181580e-08
	116.000000	1.165703e-08
	117.000000	1.150379e-08
	118.000000	1.135595e-08
	119.000000	1.121338e-08
	120.000000	1.107574e-08
	121.000000	1.094282e-08
	122.000000	1.081449e-08
	123.000000	1.069062e-08
	124.000000	1.057093e-08
	125.000000	1.045536e-08
	126.000000	1.034364e-08
	127.000000	1.023583e-08
	128.000000	1.013161e-08
	129.000000	1.003096e-08
	130.000000	9.933748e-09
	131.000000	9.839849e-09
	132.000000	9.749189e-09
	133.000000	3.449064e-09
	134.000000	1.014929e-08
	135.000000	8.786563e-09
	136.000000	1.217722e-08
	137.000000	0.000000e+00
	138.000000	8.017002e-09

#################################################################################################################################################

Energy 150 			# in MeV 
Multiplicity PromptGamma 1.227589
Differential_cross_section PromptGamma 147 	 # Secondary particule & Nbr of rows (Energies) 
# 	Energy(MeV)	Int.(b/MeV)
	1.000000	1.479996e-01
	2.000000	2.605244e-01
	3.000000	1.070307e-01
	4.000000	5.840664e-02
	5.000000	2.606168e-02
	6.000000	1.462074e-02
	7.000000	8.006150e-03
	8.000000	3.453668e-03
	9.000000	8.054685e-04
	10.000000	3.715482e-04
	11.000000	1.291902e-04
	12.000000	3.787459e-05
	13.000000	1.611768e-05
	14.000000	6.961933e-06
	15.000000	6.761003e-06
	16.000000	8.331251e-06
	17.000000	1.206927e-05
	18.000000	1.894013e-05
	19.000000	2.799676e-05
	20.000000	2.880906e-05
	21.000000	1.946808e-05
	22.000000	1.151593e-05
	23.000000	7.019831e-06
	24.000000	4.551766e-06
	25.000000	3.122866e-06
	26.000000	2.243178e-06
	27.000000	1.671295e-06
	28.000000	1.283065e-06
	29.000000	1.009379e-06
	30.000000	8.105197e-07
	31.000000	6.624697e-07
	32.000000	5.497964e-07
	33.000000	4.624904e-07
	34.000000	3.938160e-07
	35.000000	3.389832e-07
	36.000000	2.944106e-07
	37.000000	2.582853e-07
	38.000000	2.284762e-07
	39.000000	2.036498e-07
	40.000000	1.827944e-07
	41.000000	1.651334e-07
	42.000000	1.500640e-07
	43.000000	1.371120e-07
	44.000000	1.259048e-07
	45.000000	1.161426e-07
	46.000000	1.075870e-07
	47.000000	1.000451e-07
	48.000000	9.335771e-08
	49.000000	8.739575e-08
	50.000000	8.205431e-08
	51.000000	7.724505e-08
	52.000000	7.289474e-08
	53.000000	6.894275e-08
	54.000000	6.533826e-08
	55.000000	6.203766e-08
	56.000000	5.900477e-08
	57.000000	5.620870e-08
	58.000000	5.361975e-08
	59.000000	5.122250e-08
	60.000000	4.899334e-08
	61.000000	4.691560e-08
	62.000000	4.497461e-08
	63.000000	4.315759e-08
	64.000000	4.145355e-08
	65.000000	3.985257e-08
	66.000000	3.834602e-08
	67.000000	3.692639e-08
	68.000000	3.558667e-08
	69.000000	3.432102e-08
	70.000000	3.312382e-08
	71.000000	3.199011e-08
	72.000000	3.091562e-08
	73.000000	2.989620e-08
	74.000000	2.892828e-08
	75.000000	2.800850e-08
	76.000000	2.713389e-08
	77.000000	2.630155e-08
	78.000000	2.550897e-08
	79.000000	2.475378e-08
	80.000000	2.403381e-08
	81.000000	2.334708e-08
	82.000000	2.269160e-08
	83.000000	2.206579e-08
	84.000000	2.146788e-08
	85.000000	2.089648e-08
	86.000000	2.035007e-08
	87.000000	1.982747e-08
	88.000000	1.932729e-08
	89.000000	1.884847e-08
	90.000000	1.838990e-08
	91.000000	1.795065e-08
	92.000000	1.752953e-08
	93.000000	1.712589e-08
	94.000000	1.673874e-08
	95.000000	1.636727e-08
	96.000000	1.601085e-08
	97.000000	1.566867e-08
	98.000000	1.534000e-08
	99.000000	1.502446e-08
	100.000000	1.472112e-08
	101.000000	1.442959e-08
	102.000000	1.414926e-08
	103.000000	1.387968e-08
	104.000000	1.362033e-08
	105.000000	1.337080e-08
	106.000000	1.313056e-08
	107.000000	1.289923e-08
	108.000000	1.267641e-08
	109.000000	1.246183e-08
	110.000000	1.225503e-08
	111.000000	1.205562e-08
	112.000000	1.186346e-08
	113.000000	1.167809e-08
	114.000000	1.149925e-08
	115.000000	1.132668e-08
	116.000000	1.116023e-08
	117.000000	1.099946e-08
	118.000000	1.084416e-08
	119.000000	1.069421e-08
	120.000000	1.054933e-08
	121.000000	1.040940e-08
	122.000000	1.027415e-08
	123.000000	1.014332e-08
	124.000000	1.001690e-08
	125.000000	9.894645e-09
	126.000000	9.776340e-09
	127.000000	9.661929e-09
	128.000000	9.551142e-09
	129.000000	9.444050e-09
	130.000000	9.340321e-09
	131.000000	9.239955e-09
	132.000000	9.142755e-09
	133.000000	9.048653e-09
	134.000000	8.957519e-09
	135.000000	8.869286e-09
	136.000000	8.783889e-09
	137.000000	8.701129e-09
	138.000000	8.621008e-09
	139.000000	8.543459e-09
	140.000000	8.468349e-09
	141.000000	8.395678e-09
	142.000000	8.325251e-09
	143.000000	4.917647e-09
	144.000000	7.975552e-09
	145.000000	6.293798e-09
	146.000000	1.045075e-08
	147.000000	8.502309e-08

#################################################################################################################################################

Energy 160 			# in MeV 
Multiplicity PromptGamma 1.183025
Differential_cross_section PromptGamma 79 	 # Secondary particule & Nbr of rows (Energies) 
# 	Energy(MeV)	Int.(b/MeV)
	2.000000	1.411135e-01
	4.000000	5.083304e-02
	6.000000	1.421870e-02
	8.000000	4.117722e-03
	10.000000	4.501917e-04
	12.000000	4.005918e-05
	14.000000	7.444868e-06
	16.000000	8.672553e-06
	18.000000	1.984481e-05
	20.000000	3.025863e-05
	22.000000	1.211367e-05
	24.000000	4.799417e-06
	26.000000	2.368436e-06
	28.000000	1.354098e-06
	30.000000	8.539381e-07
	32.000000	5.772669e-07
	34.000000	4.115665e-07
	36.000000	3.063059e-07
	38.000000	2.362629e-07
	40.000000	1.878623e-07
	42.000000	1.533219e-07
	44.000000	1.279573e-07
	46.000000	1.087848e-07
	48.000000	9.405003e-08
	50.000000	8.242265e-08
	52.000000	7.305957e-08
	54.000000	6.538197e-08
	56.000000	5.898022e-08
	58.000000	5.356485e-08
	60.000000	4.892462e-08
	62.000000	4.490434e-08
	64.000000	4.138819e-08
	66.000000	3.828802e-08
	68.000000	3.553515e-08
	70.000000	3.307777e-08
	72.000000	3.087260e-08
	74.000000	2.888541e-08
	76.000000	2.708815e-08
	78.000000	2.545767e-08
	80.000000	2.397442e-08
	82.000000	2.262195e-08
	84.000000	2.138594e-08
	86.000000	2.025441e-08
	88.000000	1.921659e-08
	90.000000	1.826319e-08
	92.000000	1.738616e-08
	94.000000	1.657816e-08
	96.000000	1.583285e-08
	98.000000	1.514448e-08
	100.000000	1.450806e-08
	102.000000	1.391875e-08
	104.000000	1.337282e-08
	106.000000	1.286629e-08
	108.000000	1.239584e-08
	110.000000	1.195855e-08
	112.000000	1.155166e-08
	114.000000	1.117269e-08
	116.000000	1.081940e-08
	118.000000	1.048974e-08
	120.000000	1.018178e-08
	122.000000	9.893872e-09
	124.000000	9.624498e-09
	126.000000	9.372215e-09
	128.000000	9.135820e-09
	130.000000	8.914055e-09
	132.000000	8.705846e-09
	134.000000	8.510313e-09
	136.000000	8.326506e-09
	138.000000	8.153609e-09
	140.000000	7.990991e-09
	142.000000	7.837892e-09
	144.000000	7.693747e-09
	146.000000	7.557989e-09
	148.000000	7.430177e-09
	150.000000	7.309867e-09
	152.000000	1.280267e-09
	154.000000	7.039360e-09
	156.000000	4.536395e-09
	158.000000	2.994317e-09

#################################################################################################################################################

Energy 180 			# in MeV 
Multiplicity PromptGamma 1.136599
Differential_cross_section PromptGamma 88 	 # Secondary particule & Nbr of rows (Energies) 
# 	Energy(MeV)	Int.(b/MeV)
	2.000000	1.339032e-01
	4.000000	4.731982e-02
	6.000000	1.395871e-02
	8.000000	4.302538e-03
	10.000000	4.533151e-04
	12.000000	3.783901e-05
	14.000000	7.374496e-06
	16.000000	9.137258e-06
	18.000000	2.128784e-05
	20.000000	3.290694e-05
	22.000000	1.323445e-05
	24.000000	5.285605e-06
	26.000000	2.622535e-06
	28.000000	1.502680e-06
	30.000000	9.468438e-07
	32.000000	6.376942e-07
	34.000000	4.517715e-07
	36.000000	3.334079e-07
	38.000000	2.541073e-07
	40.000000	1.999241e-07
	42.000000	1.614194e-07
	44.000000	1.333275e-07
	46.000000	1.123371e-07
	48.000000	9.630344e-08
	50.000000	8.379897e-08
	52.000000	7.385518e-08
	54.000000	6.580059e-08
	56.000000	5.916357e-08
	58.000000	5.360897e-08
	60.000000	4.889351e-08
	62.000000	4.483968e-08
	64.000000	4.131541e-08
	66.000000	3.821906e-08
	68.000000	3.548157e-08
	70.000000	3.304081e-08
	72.000000	3.085122e-08
	74.000000	2.887696e-08
	76.000000	2.708868e-08
	78.000000	2.546278e-08
	80.000000	2.397987e-08
	82.000000	2.262341e-08
	84.000000	2.137961e-08
	86.000000	2.023662e-08
	88.000000	1.918432e-08
	90.000000	1.821384e-08
	92.000000	1.731733e-08
	94.000000	1.648809e-08
	96.000000	1.572013e-08
	98.000000	1.500794e-08
	100.000000	1.434665e-08
	102.000000	1.373221e-08
	104.000000	1.316060e-08
	106.000000	1.262828e-08
	108.000000	1.213219e-08
	110.000000	1.166948e-08
	112.000000	1.123743e-08
	114.000000	1.083383e-08
	116.000000	1.045635e-08
	118.000000	1.010312e-08
	120.000000	9.772243e-09
	122.000000	9.462148e-09
	124.000000	9.171279e-09
	126.000000	8.898261e-09
	128.000000	8.641835e-09
	130.000000	8.400742e-09
	132.000000	8.173965e-09
	134.000000	7.960486e-09
	136.000000	7.759346e-09
	138.000000	7.569767e-09
	140.000000	7.390968e-09
	142.000000	7.222233e-09
	144.000000	7.062783e-09
	146.000000	6.912137e-09
	148.000000	6.769698e-09
	150.000000	6.634926e-09
	152.000000	6.507342e-09
	154.000000	6.386526e-09
	156.000000	6.272060e-09
	158.000000	6.163643e-09
	160.000000	6.060796e-09
	162.000000	5.963288e-09
	164.000000	5.870839e-09
	166.000000	5.783172e-09
	168.000000	5.700068e-09
	170.000000	5.621295e-09
	172.000000	2.940550e-09
	174.000000	7.025406e-09
	176.000000	5.675989e-08

#################################################################################################################################################

Energy 200 			# in MeV 
Multiplicity PromptGamma 1.092508
Differential_cross_section PromptGamma 98 	 # Secondary particule & Nbr of rows (Energies) 
# 	Energy(MeV)	Int.(b/MeV)
	2.000000	1.281084e-01
	4.000000	4.422931e-02
	6.000000	1.667409e-02
	8.000000	3.974838e-03
	10.000000	3.087263e-04
	12.000000	5.749684e-05
	14.000000	7.761286e-06
	16.000000	9.723783e-06
	18.000000	2.301748e-05
	20.000000	3.604441e-05
	22.000000	1.459648e-05
	24.000000	5.882933e-06
	26.000000	2.939109e-06
	28.000000	1.688003e-06
	30.000000	1.065207e-06
	32.000000	7.166126e-07
	34.000000	5.058131e-07
	36.000000	3.710515e-07
	38.000000	2.811107e-07
	40.000000	2.190525e-07
	42.000000	1.750172e-07
	44.000000	1.430070e-07
	46.000000	1.192307e-07
	48.000000	1.012140e-07
	50.000000	8.729965e-08
	52.000000	7.635699e-08
	54.000000	6.759952e-08
	56.000000	6.047356e-08
	58.000000	5.455457e-08
	60.000000	4.961840e-08
	62.000000	4.541750e-08
	64.000000	4.179777e-08
	66.000000	3.864374e-08
	68.000000	3.586837e-08
	70.000000	3.340521e-08
	72.000000	3.120280e-08
	74.000000	2.922089e-08
	76.000000	2.742749e-08
	78.000000	2.579713e-08
	80.000000	2.430906e-08
	82.000000	2.294617e-08
	84.000000	2.169390e-08
	86.000000	2.054079e-08
	88.000000	1.947647e-08
	90.000000	1.849212e-08
	92.000000	1.757997e-08
	94.000000	1.673364e-08
	96.000000	1.594718e-08
	98.000000	1.521551e-08
	100.000000	1.453384e-08
	102.000000	1.389822e-08
	104.000000	1.330480e-08
	106.000000	1.275044e-08
	108.000000	1.223197e-08
	110.000000	1.174674e-08
	112.000000	1.129219e-08
	114.000000	1.086619e-08
	116.000000	1.046649e-08
	118.000000	1.009129e-08
	120.000000	9.738869e-09
	122.000000	9.407596e-09
	124.000000	9.096030e-09
	126.000000	8.802785e-09
	128.000000	8.526588e-09
	130.000000	8.266343e-09
	132.000000	8.021009e-09
	134.000000	7.789489e-09
	136.000000	7.570971e-09
	138.000000	7.364589e-09
	140.000000	7.169536e-09
	142.000000	6.985058e-09
	144.000000	6.810579e-09
	146.000000	6.645347e-09
	148.000000	6.488900e-09
	150.000000	6.340602e-09
	152.000000	6.199989e-09
	154.000000	6.066602e-09
	156.000000	5.939976e-09
	158.000000	5.819707e-09
	160.000000	5.705449e-09
	162.000000	5.596826e-09
	164.000000	5.493519e-09
	166.000000	5.395224e-09
	168.000000	5.301657e-09
	170.000000	5.212556e-09
	172.000000	5.127685e-09
	174.000000	5.046821e-09
	176.000000	4.969741e-09
	178.000000	4.896274e-09
	180.000000	4.826223e-09
	182.000000	4.759430e-09
	184.000000	4.695759e-09
	186.000000	4.635041e-09
	188.000000	4.577184e-09
	190.000000	4.522036e-09
	192.000000	3.162221e-09
	194.000000	4.902811e-09
	196.000000	5.401344e-09

#################################################################################################################################################

Energy 220 			# in MeV 
Multiplicity PromptGamma 1.067386
Differential_cross_section PromptGamma 108 	 # Secondary particule & Nbr of rows (Energies) 
# 	Energy(MeV)	Int.(b/MeV)
	2.000000	1.256547e-01
	4.000000	4.345992e-02
	6.000000	1.702837e-02
	8.000000	3.969963e-03
	10.000000	2.807993e-04
	12.000000	2.719281e-05
	14.000000	8.073786e-06
	16.000000	1.020894e-05
	18.000000	2.454050e-05
	20.000000	3.900325e-05
	22.000000	1.594250e-05
	24.000000	6.491438e-06
	26.000000	3.270341e-06
	28.000000	1.893885e-06
	30.000000	1.199669e-06
	32.000000	8.082085e-07
	34.000000	5.699127e-07
	36.000000	4.166386e-07
	38.000000	3.139059e-07
	40.000000	2.428008e-07
	42.000000	1.922787e-07
	44.000000	1.555732e-07
	46.000000	1.281401e-07
	48.000000	1.076952e-07
	50.000000	9.200926e-08
	52.000000	7.977505e-08
	54.000000	7.008032e-08
	56.000000	6.227770e-08
	58.000000	5.590107e-08
	60.000000	5.061310e-08
	62.000000	4.616599e-08
	64.000000	4.237648e-08
	66.000000	3.910789e-08
	68.000000	3.625716e-08
	70.000000	3.374592e-08
	72.000000	3.151432e-08
	74.000000	2.951564e-08
	76.000000	2.771367e-08
	78.000000	2.607829e-08
	80.000000	2.458921e-08
	82.000000	2.322608e-08
	84.000000	2.197384e-08
	86.000000	2.081965e-08
	88.000000	1.975304e-08
	90.000000	1.876493e-08
	92.000000	1.784769e-08
	94.000000	1.699479e-08
	96.000000	1.620032e-08
	98.000000	1.545933e-08
	100.000000	1.476717e-08
	102.000000	1.411996e-08
	104.000000	1.351408e-08
	106.000000	1.294644e-08
	108.000000	1.241405e-08
	110.000000	1.191428e-08
	112.000000	1.144475e-08
	114.000000	1.100346e-08
	116.000000	1.058827e-08
	118.000000	1.019740e-08
	120.000000	9.829148e-09
	122.000000	9.482101e-09
	124.000000	9.154718e-09
	126.000000	8.845806e-09
	128.000000	8.554119e-09
	130.000000	8.278572e-09
	132.000000	8.018086e-09
	134.000000	7.771754e-09
	136.000000	7.538664e-09
	138.000000	7.318022e-09
	140.000000	7.109089e-09
	142.000000	6.911068e-09
	144.000000	6.723334e-09
	146.000000	6.545321e-09
	148.000000	6.376400e-09
	150.000000	6.216005e-09
	152.000000	6.063681e-09
	154.000000	5.918916e-09
	156.000000	5.781314e-09
	158.000000	5.650446e-09
	160.000000	5.525932e-09
	162.000000	5.407387e-09
	164.000000	5.294497e-09
	166.000000	5.186944e-09
	168.000000	5.084421e-09
	170.000000	4.986644e-09
	172.000000	4.893374e-09
	174.000000	4.804361e-09
	176.000000	4.719361e-09
	178.000000	4.638169e-09
	180.000000	4.560603e-09
	182.000000	4.486453e-09
	184.000000	4.415543e-09
	186.000000	4.347719e-09
	188.000000	4.282828e-09
	190.000000	4.220739e-09
	192.000000	4.161287e-09
	194.000000	4.104371e-09
	196.000000	4.049869e-09
	198.000000	3.997675e-09
	200.000000	3.947676e-09
	202.000000	3.899802e-09
	204.000000	3.853962e-09
	206.000000	3.810062e-09
	208.000000	3.768036e-09
	210.000000	3.727813e-09
	212.000000	3.176980e-09
	214.000000	3.501845e-09
	216.000000	1.562444e-09

#################################################################################################################################################

Energy 250 			# in MeV 
Multiplicity PromptGamma 0.978093
Differential_cross_section PromptGamma 122 	 # Secondary particule & Nbr of rows (Energies) 
# 	Energy(MeV)	Int.(b/MeV)
	2.000000	1.166498e-01
	4.000000	4.459557e-02
	6.000000	1.154102e-02
	8.000000	3.148829e-03
	10.000000	2.708055e-04
	12.000000	4.148196e-05
	14.000000	8.596709e-06
	16.000000	1.066543e-05
	18.000000	2.628760e-05
	20.000000	4.261410e-05
	22.000000	1.769157e-05
	24.000000	7.332766e-06
	26.000000	3.749206e-06
	28.000000	2.196538e-06
	30.000000	1.403809e-06
	32.000000	9.512511e-07
	34.000000	6.726052e-07
	36.000000	4.915470e-07
	38.000000	3.690744e-07
	40.000000	2.832486e-07
	42.000000	2.223296e-07
	44.000000	1.779181e-07
	46.000000	1.449782e-07
	48.000000	1.201684e-07
	50.000000	1.012153e-07
	52.000000	8.653868e-08
	54.000000	7.502202e-08
	56.000000	6.586607e-08
	58.000000	5.848930e-08
	60.000000	5.246820e-08
	62.000000	4.748839e-08
	64.000000	4.331644e-08
	66.000000	3.977754e-08
	68.000000	3.673937e-08
	70.000000	3.410177e-08
	72.000000	3.178807e-08
	74.000000	2.973914e-08
	76.000000	2.790617e-08
	78.000000	2.626017e-08
	80.000000	2.476890e-08
	82.000000	2.340990e-08
	84.000000	2.216533e-08
	86.000000	2.102052e-08
	88.000000	1.996360e-08
	90.000000	1.898451e-08
	92.000000	1.807525e-08
	94.000000	1.722854e-08
	96.000000	1.643852e-08
	98.000000	1.570005e-08
	100.000000	1.500859e-08
	102.000000	1.436037e-08
	104.000000	1.375161e-08
	106.000000	1.317955e-08
	108.000000	1.264120e-08
	110.000000	1.213419e-08
	112.000000	1.165635e-08
	114.000000	1.120546e-08
	116.000000	1.077980e-08
	118.000000	1.037770e-08
	120.000000	9.997475e-09
	122.000000	9.637875e-09
	124.000000	9.297432e-09
	126.000000	8.975048e-09
	128.000000	8.669517e-09
	130.000000	8.379901e-09
	132.000000	8.105148e-09
	134.000000	7.844477e-09
	136.000000	7.596944e-09
	138.000000	7.361869e-09
	140.000000	7.138467e-09
	142.000000	6.926109e-09
	144.000000	6.724167e-09
	146.000000	6.532014e-09
	148.000000	6.349177e-09
	150.000000	6.175082e-09
	152.000000	6.009258e-09
	154.000000	5.851284e-09
	156.000000	5.700692e-09
	158.000000	5.557060e-09
	160.000000	5.420130e-09
	162.000000	5.289428e-09
	164.000000	5.164698e-09
	166.000000	5.045591e-09
	168.000000	4.931822e-09
	170.000000	4.823115e-09
	172.000000	4.719217e-09
	174.000000	4.619875e-09
	176.000000	4.524855e-09
	178.000000	4.433934e-09
	180.000000	4.346913e-09
	182.000000	4.263592e-09
	184.000000	4.183789e-09
	186.000000	4.107331e-09
	188.000000	4.034055e-09
	190.000000	3.963794e-09
	192.000000	3.896413e-09
	194.000000	3.831763e-09
	196.000000	3.769720e-09
	198.000000	3.710153e-09
	200.000000	3.652962e-09
	202.000000	3.598022e-09
	204.000000	3.545229e-09
	206.000000	3.494487e-09
	208.000000	3.445718e-09
	210.000000	3.398808e-09
	212.000000	3.353682e-09
	214.000000	3.310274e-09
	216.000000	3.268509e-09
	218.000000	3.228314e-09
	220.000000	3.189617e-09
	222.000000	3.152374e-09
	224.000000	3.116498e-09
	226.000000	3.081972e-09
	228.000000	3.048723e-09
	230.000000	3.016715e-09
	232.000000	2.985895e-09
	234.000000	2.956232e-09
	236.000000	2.927689e-09
	238.000000	2.900209e-09
	240.000000	8.543056e-10
	242.000000	2.489165e-09
	244.000000	1.419193e-07

#################################################################################################################################################

