0.00000000	 188.47938084
0.50000000	 383.98013879
1.00000000	 241.53775366
1.50000000	 181.60098940
2.00000000	 147.43531908
2.50000000	 125.10693842
3.00000000	 109.14457440
3.50000000	 97.06721234
4.00000000	 87.62423311
4.50000000	 80.04306601
5.00000000	 73.78808074
5.50000000	 68.54911625
6.00000000	 64.05481424
6.50000000	 60.16523079
7.00000000	 56.75154042
7.50000000	 53.73407984
8.00000000	 51.06162614
8.50000000	 48.66628496
9.00000000	 46.50716473
9.50000000	 44.54770029
10.00000000	 42.75632613
10.50000000	 41.16798178
11.00000000	 39.67460099
11.50000000	 38.26820890
12.00000000	 36.96022651
12.50000000	 35.75550071
13.00000000	 34.64937958
13.50000000	 33.61102271
14.00000000	 32.64052143
14.50000000	 31.73033466
15.00000000	 30.87488297
15.50000000	 30.06022647
16.00000000	 29.29905055
16.50000000	 28.57990770
17.00000000	 27.90139446
17.50000000	 27.25476461
18.00000000	 26.63727529
18.50000000	 26.04711273
19.00000000	 25.48608205
19.50000000	 24.95929341
20.00000000	 24.46155667
20.50000000	 23.99015768
21.00000000	 23.53482073
21.50000000	 23.09609702
22.00000000	 22.67343983
22.50000000	 22.26546240
23.00000000	 21.87152845
23.50000000	 21.49100979
24.00000000	 21.12330414
24.50000000	 20.76778210
25.00000000	 20.42388262
25.50000000	 20.09487074
26.00000000	 19.78239411
26.50000000	 19.48362144
27.00000000	 19.19544753
27.50000000	 18.91488017
28.00000000	 18.64049146
28.50000000	 18.37438004
29.00000000	 18.11594567
29.50000000	 17.86719989
30.00000000	 17.62923848
30.50000000	 17.39975737
31.00000000	 17.17721160
31.50000000	 16.95843452
32.00000000	 16.74502322
32.50000000	 16.53699338
33.00000000	 16.33427468
33.50000000	 16.13237935
34.00000000	 15.94012089
34.50000000	 15.75317997
35.00000000	 15.57157509
35.50000000	 15.39490480
36.00000000	 15.22268175
36.50000000	 15.05478186
37.00000000	 14.89101570
37.50000000	 14.73127402
38.00000000	 14.57538912
38.50000000	 14.42322634
39.00000000	 14.27465928
39.50000000	 14.12951971
40.00000000	 13.98769247
40.50000000	 13.84944216
41.00000000	 13.71385997
41.50000000	 13.58125269
42.00000000	 13.45157123
42.50000000	 13.32470868
43.00000000	 13.20058328
43.50000000	 13.07913971
44.00000000	 12.96026477
44.50000000	 12.84388918
45.00000000	 12.72994514
45.50000000	 12.61835196
46.00000000	 12.50905124
46.50000000	 12.40197537
47.00000000	 12.29703198
47.50000000	 12.19335000
48.00000000	 12.09287892
48.50000000	 11.99431141
49.00000000	 11.89757574
49.50000000	 11.80259812
50.00000000	 11.70930697
50.50000000	 11.61765587
51.00000000	 11.52762784
51.50000000	 11.43918824
52.00000000	 11.35230509
52.50000000	 11.26694309
53.00000000	 11.18417234
53.50000000	 11.10173971
54.00000000	 11.02073221
54.50000000	 10.94111906
55.00000000	 10.86286686
55.50000000	 10.78594327
56.00000000	 10.71031180
56.50000000	 10.63593652
57.00000000	 10.56278414
57.50000000	 10.49082080
58.00000000	 10.42001127
58.50000000	 10.35032223
59.00000000	 10.28172034
59.50000000	 10.21427114
60.00000000	 10.14774082
60.50000000	 10.08220791
61.00000000	 10.01766126
61.50000000	 9.95408074
62.00000000	 9.89144684
62.50000000	 9.82974274
63.00000000	 9.76894504
63.50000000	 9.70903824
64.00000000	 9.64999954
64.50000000	 9.59181407
65.00000000	 9.53445978
65.50000000	 9.47791778
66.00000000	 9.42217139
66.50000000	 9.36720509
67.00000000	 9.31300333
67.50000000	 9.25955002
68.00000000	 9.20683089
68.50000000	 9.15483138
69.00000000	 9.10353544
69.50000000	 9.05292781
70.00000000	 9.00299429
70.50000000	 8.95372650
71.00000000	 8.90511423
71.50000000	 8.85714181
72.00000000	 8.80979490
72.50000000	 8.76305845
73.00000000	 8.71691623
73.50000000	 8.67135255
74.00000000	 8.62635239
74.50000000	 8.58189946
75.00000000	 8.53797874
75.50000000	 8.49458067
76.00000000	 8.45169826
76.50000000	 8.40975488
77.00000000	 8.36788156
77.50000000	 8.32650913
78.00000000	 8.28562837
78.50000000	 8.24523550
79.00000000	 8.20532475
79.50000000	 8.16588898
80.00000000	 8.12692382
80.50000000	 8.08841664
81.00000000	 8.05035861
81.50000000	 8.01273998
82.00000000	 7.97555366
82.50000000	 7.93879250
83.00000000	 7.90244801
83.50000000	 7.86651316
84.00000000	 7.83098001
84.50000000	 7.79584027
85.00000000	 7.76108994
85.50000000	 7.72672068
86.00000000	 7.69273008
86.50000000	 7.65911251
87.00000000	 7.62585845
87.50000000	 7.59296102
88.00000000	 7.56041391
88.50000000	 7.52821090
89.00000000	 7.49634318
89.50000000	 7.46480374
90.00000000	 7.43358763
90.50000000	 7.40268684
91.00000000	 7.37209989
91.50000000	 7.34182377
92.00000000	 7.31185335
92.50000000	 7.28218682
93.00000000	 7.25281722
93.50000000	 7.22374338
94.00000000	 7.19495895
94.50000000	 7.16646281
95.00000000	 7.13825178
95.50000000	 7.11020323
96.00000000	 7.08225138
96.50000000	 7.05446896
97.00000000	 7.02692674
97.50000000	 6.99969745
98.00000000	 6.97285180
98.50000000	 6.94646447
99.00000000	 6.92060622
99.50000000	 6.89534784
100.00000000	 6.87076393
100.50000000	 6.84660787
101.00000000	 6.82258332
101.50000000	 6.79869204
102.00000000	 6.77493444
102.50000000	 6.75131103
103.00000000	 6.72782418
103.50000000	 6.70447107
104.00000000	 6.68125615
104.50000000	 6.65817788
105.00000000	 6.63523605
105.50000000	 6.61243305
106.00000000	 6.58976940
106.50000000	 6.56724549
107.00000000	 6.54486252
107.50000000	 6.52262019
108.00000000	 6.50051966
108.50000000	 6.47856075
109.00000000	 6.45674649
109.50000000	 6.43507472
110.00000000	 6.41354919
110.50000000	 6.39216777
111.00000000	 6.37093287
111.50000000	 6.34984485
112.00000000	 6.32890489
112.50000000	 6.30811283
113.00000000	 6.28746975
113.50000000	 6.26697802
114.00000000	 6.24663558
114.50000000	 6.22644476
115.00000000	 6.20640710
115.50000000	 6.18676578
116.00000000	 6.16703485
116.50000000	 6.14745908
117.00000000	 6.12803731
117.50000000	 6.10877316
118.00000000	 6.08966644
118.50000000	 6.07071702
119.00000000	 6.05192662
119.50000000	 6.03329635
120.00000000	 6.01482600
120.50000000	 5.99651678
121.00000000	 5.97837029
121.50000000	 5.96038714
122.00000000	 5.94256700
122.50000000	 5.92491240
123.00000000	 5.90742244
123.50000000	 5.89009953
124.00000000	 5.87294478
124.50000000	 5.85595734
125.00000000	 5.83913837
125.50000000	 5.82246674
126.00000000	 5.80591810
126.50000000	 5.78949038
127.00000000	 5.77318392
127.50000000	 5.75699534
128.00000000	 5.74092708
128.50000000	 5.72497368
129.00000000	 5.70913890
129.50000000	 5.69341730
130.00000000	 5.67781068
130.50000000	 5.66231819
131.00000000	 5.64693697
131.50000000	 5.63166626
132.00000000	 5.61650647
132.50000000	 5.60145547
133.00000000	 5.58651246
133.50000000	 5.57167589
134.00000000	 5.55694619
134.50000000	 5.54232063
135.00000000	 5.52779835
135.50000000	 5.51338043
136.00000000	 5.49906409
136.50000000	 5.48484788
137.00000000	 5.47073220
137.50000000	 5.45671424
138.00000000	 5.44279519
138.50000000	 5.42897219
139.00000000	 5.41524642
139.50000000	 5.40161430
140.00000000	 5.38807578
140.50000000	 5.37463124
141.00000000	 5.36127851
141.50000000	 5.34801557
142.00000000	 5.33484406
142.50000000	 5.32176122
143.00000000	 5.30876490
143.50000000	 5.29585689
144.00000000	 5.28303501
144.50000000	 5.27029711
145.00000000	 5.25764438
145.50000000	 5.24507394
146.00000000	 5.23258628
146.50000000	 5.22017859
147.00000000	 5.20785198
147.50000000	 5.19560367
148.00000000	 5.18343476
148.50000000	 5.17134244
149.00000000	 5.15932723
149.50000000	 5.14738757
150.00000000	 5.13552136
150.50000000	 5.12372958
151.00000000	 5.11201099
151.50000000	 5.10036635
152.00000000	 5.08879457
152.50000000	 5.07729456
153.00000000	 5.06586646
153.50000000	 5.05450849
154.00000000	 5.04322151
154.50000000	 5.03200441
155.00000000	 5.02085738
155.50000000	 5.00977797
156.00000000	 4.99876765
156.50000000	 4.98782465
157.00000000	 4.97694921
157.50000000	 4.96613953
158.00000000	 4.95539515
158.50000000	 4.94471752
159.00000000	 4.93410361
159.50000000	 4.92355420
160.00000000	 4.91306884
160.50000000	 4.90264580
161.00000000	 4.89228655
161.50000000	 4.88198799
162.00000000	 4.87175098
162.50000000	 4.86157635
163.00000000	 4.85146099
163.50000000	 4.84140516
164.00000000	 4.83140959
164.50000000	 4.82147129
165.00000000	 4.81159170
165.50000000	 4.80176974
166.00000000	 4.79200559
166.50000000	 4.78229743
167.00000000	 4.77264550
167.50000000	 4.76304802
168.00000000	 4.75350645
168.50000000	 4.74401899
169.00000000	 4.73458395
169.50000000	 4.72520343
170.00000000	 4.71587560
170.50000000	 4.70660071
171.00000000	 4.69737640
171.50000000	 4.68820339
172.00000000	 4.67908120
172.50000000	 4.67000818
173.00000000	 4.66098573
173.50000000	 4.65201141
174.00000000	 4.64308615
174.50000000	 4.63420807
175.00000000	 4.62537810
175.50000000	 4.61659475
176.00000000	 4.60785949
176.50000000	 4.59917005
177.00000000	 4.59052752
177.50000000	 4.58193294
178.00000000	 4.57338148
178.50000000	 4.56487749
179.00000000	 4.55641801
179.50000000	 4.54800417
180.00000000	 4.53963509
180.50000000	 4.53130981
181.00000000	 4.52302876
181.50000000	 4.51479234
182.00000000	 4.50659894
182.50000000	 4.49844903
183.00000000	 4.49034101
183.50000000	 4.48227661
184.00000000	 4.47425421
184.50000000	 4.46627297
185.00000000	 4.45833396
185.50000000	 4.45043691
186.00000000	 4.44257957
186.50000000	 4.43476367
187.00000000	 4.42698958
187.50000000	 4.41925319
188.00000000	 4.41155813
188.50000000	 4.40390219
189.00000000	 4.39628572
189.50000000	 4.38870862
190.00000000	 4.38116988
190.50000000	 4.37366853
191.00000000	 4.36620636
191.50000000	 4.35878180
192.00000000	 4.35139398
192.50000000	 4.34404388
193.00000000	 4.33673062
193.50000000	 4.32945396
194.00000000	 4.32221304
194.50000000	 4.31500880
195.00000000	 4.30783981
195.50000000	 4.30070568
196.00000000	 4.29360758
196.50000000	 4.28654458
197.00000000	 4.27951508
197.50000000	 4.27252015
198.00000000	 4.26555889
198.50000000	 4.25863174
199.00000000	 4.25173704
199.50000000	 4.24487595
200.00000000	 4.23804751
200.50000000	 4.23125216
201.00000000	 4.22448972
201.50000000	 4.21775811
202.00000000	 4.21105780
202.50000000	 4.20438991
203.00000000	 4.19775371
203.50000000	 4.19114966
204.00000000	 4.18457565
204.50000000	 4.17803347
205.00000000	 4.17152106
205.50000000	 4.16503881
206.00000000	 4.15858864
206.50000000	 4.15216704
207.00000000	 4.14577590
207.50000000	 4.13941503
208.00000000	 4.13308421
208.50000000	 4.12678142
209.00000000	 4.12050906
209.50000000	 4.11426506
210.00000000	 4.10805057
210.50000000	 4.10186473
211.00000000	 4.09570678
211.50000000	 4.08957847
212.00000000	 4.08347714
212.50000000	 4.07740384
213.00000000	 4.07135839
213.50000000	 4.06534078
214.00000000	 4.05935073
214.50000000	 4.05338748
215.00000000	 4.04745220
215.50000000	 4.04154207
216.00000000	 4.03565961
216.50000000	 4.02980394
217.00000000	 4.02397429
217.50000000	 4.01816989
218.00000000	 4.01239315
218.50000000	 4.00664064
219.00000000	 4.00091486
219.50000000	 3.99521433
220.00000000	 3.98953820
220.50000000	 3.98388770
221.00000000	 3.97826199
221.50000000	 3.97266090
222.00000000	 3.96708493
222.50000000	 3.96153265
223.00000000	 3.95600453
223.50000000	 3.95049913
224.00000000	 3.94501950
224.50000000	 3.93956294
225.00000000	 3.93412996
225.50000000	 3.92872023
226.00000000	 3.92333159
226.50000000	 3.91796781
227.00000000	 3.91262556
227.50000000	 3.90730544
228.00000000	 3.90200933
228.50000000	 3.89673448
229.00000000	 3.89148081
229.50000000	 3.88625087
230.00000000	 3.88104324
230.50000000	 3.87585592
231.00000000	 3.87069076
231.50000000	 3.86554766
232.00000000	 3.86042653
232.50000000	 3.85532536
233.00000000	 3.85024792
233.50000000	 3.84518834
234.00000000	 3.84015229
234.50000000	 3.83513720
235.00000000	 3.83014224
235.50000000	 3.82516865
236.00000000	 3.82021438
236.50000000	 3.81528194
237.00000000	 3.81036938
237.50000000	 3.80547843
238.00000000	 3.80060652
238.50000000	 3.79575481
239.00000000	 3.79092385
239.50000000	 3.78611228
240.00000000	 3.78132127
240.50000000	 3.77654882
241.00000000	 3.77179618
241.50000000	 3.76706254
242.00000000	 3.76235047
242.50000000	 3.75765529
243.00000000	 3.75298015
243.50000000	 3.74832500
244.00000000	 3.74368914
244.50000000	 3.73906983
245.00000000	 3.73447155
245.50000000	 3.72989096
246.00000000	 3.72532860
246.50000000	 3.72078507
247.00000000	 3.71625959
247.50000000	 3.71175342
248.00000000	 3.70726519
248.50000000	 3.70279344
249.00000000	 3.69834202
249.50000000	 3.69390630
250.00000000	 3.68948940
250.50000000	 3.68509002
251.00000000	 3.68070848
251.50000000	 3.67634290
252.00000000	 3.67199635
252.50000000	 3.66766555
253.00000000	 3.66335302
253.50000000	 3.65905668
254.00000000	 3.65477711
254.50000000	 3.65051432
255.00000000	 3.64626871
255.50000000	 3.64203836
256.00000000	 3.63782575
256.50000000	 3.63362886
257.00000000	 3.62944820
257.50000000	 3.62528444
258.00000000	 3.62113611
258.50000000	 3.61700448
259.00000000	 3.61288743
259.50000000	 3.60878692
260.00000000	 3.60470154
260.50000000	 3.60063314
261.00000000	 3.59657905
261.50000000	 3.59254047
262.00000000	 3.58851730
262.50000000	 3.58450819
263.00000000	 3.58051564
263.50000000	 3.57653763
264.00000000	 3.57257405
264.50000000	 3.56862618
265.00000000	 3.56469185
265.50000000	 3.56077245
266.00000000	 3.55686775
266.50000000	 3.55297904
267.00000000	 3.54910231
267.50000000	 3.54524078
268.00000000	 3.54139230
268.50000000	 3.53755883
269.00000000	 3.53373896
269.50000000	 3.52993395
270.00000000	 3.52614102
270.50000000	 3.52236279
271.00000000	 3.51859843
271.50000000	 3.51484533
272.00000000	 3.51110726
272.50000000	 3.50738218
273.00000000	 3.50367135
273.50000000	 3.49997207
274.00000000	 3.49628553
274.50000000	 3.49261300
275.00000000	 3.48895304
275.50000000	 3.48530303
276.00000000	 3.48166496
276.50000000	 3.47803644
277.00000000	 3.47441880
277.50000000	 3.47081097
278.00000000	 3.46721426
278.50000000	 3.46362759
279.00000000	 3.46005230
279.50000000	 3.45648790
280.00000000	 3.45293585
280.50000000	 3.44939298
281.00000000	 3.44586201
281.50000000	 3.44234240
282.00000000	 3.43883564
282.50000000	 3.43533855
283.00000000	 3.43185383
283.50000000	 3.42838232
284.00000000	 3.42492148
284.50000000	 3.42147216
285.00000000	 3.41803700
285.50000000	 3.41461289
286.00000000	 3.41120067
286.50000000	 3.40780165
287.00000000	 3.40441609
287.50000000	 3.40104266
288.00000000	 3.39768163
288.50000000	 3.39433429
289.00000000	 3.39099959
289.50000000	 3.38767821
290.00000000	 3.38437032
290.50000000	 3.38107663
291.00000000	 3.37779473
291.50000000	 3.37452738
292.00000000	 3.37127460
292.50000000	 3.36803458
293.00000000	 3.36481010
293.50000000	 3.36159802
294.00000000	 3.35840040
294.50000000	 3.35521796
295.00000000	 3.35204962
295.50000000	 3.34889609
296.00000000	 3.34575752
296.50000000	 3.34263270
297.00000000	 3.33952376
297.50000000	 3.33642945
298.00000000	 3.33335129
298.50000000	 3.33028736
299.00000000	 3.32723911
299.50000000	 3.32420666
300.00000000	 3.32118884
300.50000000	 3.31818403
301.00000000	 3.31518468
301.50000000	 3.31219275
302.00000000	 3.30920822
302.50000000	 3.30623114
303.00000000	 3.30326154
303.50000000	 3.30029745
304.00000000	 3.29734280
304.50000000	 3.29439370
305.00000000	 3.29145212
305.50000000	 3.28851747
306.00000000	 3.28558964
306.50000000	 3.28267008
307.00000000	 3.27975679
307.50000000	 3.27685109
308.00000000	 3.27395165
308.50000000	 3.27106057
309.00000000	 3.26817579
309.50000000	 3.26529866
310.00000000	 3.26242920
310.50000000	 3.25956682
311.00000000	 3.25671144
311.50000000	 3.25386253
312.00000000	 3.25102194
312.50000000	 3.24818911
313.00000000	 3.24536210
313.50000000	 3.24254286
314.00000000	 3.23973081
314.50000000	 3.23692716
315.00000000	 3.23412941
315.50000000	 3.23133948
316.00000000	 3.22855680
316.50000000	 3.22578259
317.00000000	 3.22301431
317.50000000	 3.22025395
318.00000000	 3.21750086
318.50000000	 3.21475439
319.00000000	 3.21201717
319.50000000	 3.20928528
320.00000000	 3.20656204
320.50000000	 3.20384549
321.00000000	 3.20113631
321.50000000	 3.19843577
322.00000000	 3.19574132
322.50000000	 3.19305429
323.00000000	 3.19037595
323.50000000	 3.18770375
324.00000000	 3.18504035
324.50000000	 3.18238301
325.00000000	 3.17973451
325.50000000	 3.17709221
326.00000000	 3.17445869
326.50000000	 3.17183138
327.00000000	 3.16921226
327.50000000	 3.16660073
328.00000000	 3.16399608
328.50000000	 3.16140037
329.00000000	 3.15881087
329.50000000	 3.15623033
330.00000000	 3.15365613
330.50000000	 3.15108892
331.00000000	 3.14853130
331.50000000	 3.14598010
332.00000000	 3.14343589
332.50000000	 3.14090001
333.00000000	 3.13837192
333.50000000	 3.13585215
334.00000000	 3.13333951
334.50000000	 3.13083332
335.00000000	 3.12833688
335.50000000	 3.12584694
336.00000000	 3.12336413
336.50000000	 3.12088980
337.00000000	 3.11842334
337.50000000	 3.11596475
338.00000000	 3.11351266
338.50000000	 3.11106982
339.00000000	 3.10863357
339.50000000	 3.10620591
340.00000000	 3.10378546
340.50000000	 3.10137301
341.00000000	 3.09896916
341.50000000	 3.09657263
342.00000000	 3.09418409
342.50000000	 3.09180229
343.00000000	 3.08942915
343.50000000	 3.08706337
344.00000000	 3.08470569
344.50000000	 3.08235669
345.00000000	 3.08001509
345.50000000	 3.07768034
346.00000000	 3.07535504
346.50000000	 3.07303718
347.00000000	 3.07072679
347.50000000	 3.06842461
348.00000000	 3.06612990
348.50000000	 3.06384340
349.00000000	 3.06156576
349.50000000	 3.05929507
350.00000000	 3.05703325
350.50000000	 3.05477761
351.00000000	 3.05252938
351.50000000	 3.05028718
352.00000000	 3.04805167
352.50000000	 3.04582159
353.00000000	 3.04359880
353.50000000	 3.04138197
354.00000000	 3.03917178
354.50000000	 3.03696823
355.00000000	 3.03477055
355.50000000	 3.03257879
356.00000000	 3.03039357
356.50000000	 3.02821554
357.00000000	 3.02604270
357.50000000	 3.02387568
358.00000000	 3.02171515
358.50000000	 3.01956108
359.00000000	 3.01741338
359.50000000	 3.01527149
360.00000000	 3.01313532
360.50000000	 3.01100482
361.00000000	 3.00888071
361.50000000	 3.00676356
362.00000000	 3.00465143
362.50000000	 3.00254565
363.00000000	 3.00044601
363.50000000	 2.99835076
364.00000000	 2.99626237
364.50000000	 2.99418083
365.00000000	 2.99210420
365.50000000	 2.99003244
366.00000000	 2.98796748
366.50000000	 2.98590867
367.00000000	 2.98385400
367.50000000	 2.98180736
368.00000000	 2.97976491
368.50000000	 2.97772844
369.00000000	 2.97569741
369.50000000	 2.97367233
370.00000000	 2.97165269
370.50000000	 2.96963834
371.00000000	 2.96762925
371.50000000	 2.96562614
372.00000000	 2.96362900
372.50000000	 2.96163706
373.00000000	 2.95964970
373.50000000	 2.95766887
374.00000000	 2.95569388
374.50000000	 2.95372273
375.00000000	 2.95175873
375.50000000	 2.94979850
376.00000000	 2.94784408
376.50000000	 2.94589544
377.00000000	 2.94395185
377.50000000	 2.94201265
378.00000000	 2.94007979
378.50000000	 2.93815129
379.00000000	 2.93622911
379.50000000	 2.93431124
380.00000000	 2.93239901
380.50000000	 2.93049171
381.00000000	 2.92858869
381.50000000	 2.92669184
382.00000000	 2.92479924
382.50000000	 2.92291218
383.00000000	 2.92102992
383.50000000	 2.91915317
384.00000000	 2.91728120
384.50000000	 2.91541337
385.00000000	 2.91355159
385.50000000	 2.91169392
386.00000000	 2.90984166
386.50000000	 2.90799409
387.00000000	 2.90615054
387.50000000	 2.90431234
388.00000000	 2.90247878
388.50000000	 2.90065110
389.00000000	 2.89882681
389.50000000	 2.89700769
390.00000000	 2.89519318
390.50000000	 2.89338323
391.00000000	 2.89157845
391.50000000	 2.88977817
392.00000000	 2.88798176
392.50000000	 2.88619110
393.00000000	 2.88440364
393.50000000	 2.88262253
394.00000000	 2.88084325
394.50000000	 2.87907097
395.00000000	 2.87730172
395.50000000	 2.87553822
396.00000000	 2.87377769
396.50000000	 2.87202279
397.00000000	 2.87027156
397.50000000	 2.86852525
398.00000000	 2.86678259
398.50000000	 2.86504414
399.00000000	 2.86331120
399.50000000	 2.86158119
400.00000000	 2.85985411
