2.53000e-08 3.37500e+00
3.60000e-08 3.37500e+00
6.30000e-08 3.37500e+00
1.10000e-07 3.37500e+00
2.00000e-07 3.37500e+00
3.60000e-07 3.37500e+00
6.30000e-07 3.37500e+00
1.10000e-06 3.37500e+00
2.00000e-06 3.37500e+00
3.60000e-06 3.37500e+00
6.30000e-06 3.37500e+00
1.10000e-05 3.37500e+00
2.00000e-05 3.37500e+00
3.60000e-05 3.37500e+00
6.30000e-05 3.37500e+00
1.10000e-04 3.37500e+00
2.00000e-04 3.37500e+00
3.60000e-04 3.37500e+00
6.30000e-04 3.37500e+00
1.10000e-03 3.37500e+00
2.00000e-03 3.37500e+00
3.60000e-03 3.37233e+00
6.30000e-03 3.37000e+00
1.10000e-02 3.36350e+00
2.00000e-02 3.35000e+00
3.60000e-02 3.33400e+00
6.30000e-02 3.30960e+00
8.20000e-02 3.29440e+00
8.60000e-02 3.29120e+00
9.00000e-02 3.28800e+00
9.40000e-02 3.28480e+00
9.80000e-02 3.28160e+00
1.05000e-01 3.27650e+00
1.15000e-01 3.26950e+00
1.25000e-01 3.26250e+00
1.35000e-01 3.25550e+00
1.45000e-01 3.24850e+00
1.55000e-01 3.24150e+00
1.65000e-01 3.23450e+00
1.75000e-01 3.22750e+00
1.85000e-01 3.22050e+00
1.95000e-01 3.21350e+00
2.10000e-01 3.19900e+00
2.30000e-01 3.17700e+00
2.50000e-01 3.15500e+00
2.70000e-01 3.13300e+00
2.90000e-01 3.11100e+00
3.10000e-01 3.09800e+00
3.30000e-01 3.09400e+00
3.50000e-01 3.09000e+00
3.70000e-01 3.08600e+00
3.90000e-01 3.08200e+00
4.20000e-01 3.06000e+00
4.60000e-01 3.02000e+00
5.00000e-01 2.98000e+00
5.40000e-01 2.95600e+00
5.80000e-01 2.93200e+00
6.20000e-01 2.90800e+00
6.60000e-01 2.88400e+00
7.00000e-01 2.86000e+00
7.40000e-01 2.84000e+00
7.80000e-01 2.82000e+00
8.20000e-01 2.80600e+00
8.60000e-01 2.79800e+00
9.00000e-01 2.79000e+00
9.40000e-01 2.81400e+00
9.80000e-01 2.85600e+00
1.05000e+00 2.86500e+00
1.15000e+00 2.83500e+00
1.25000e+00 2.80500e+00
1.35000e+00 2.77500e+00
1.45000e+00 2.74500e+00
1.55000e+00 2.71500e+00
1.65000e+00 2.68500e+00
1.75000e+00 2.65500e+00
1.85000e+00 2.62500e+00
1.95000e+00 2.59500e+00
2.10000e+00 2.57000e+00
2.30000e+00 2.55000e+00
2.50000e+00 2.53000e+00
2.70000e+00 2.55400e+00
2.90000e+00 2.57800e+00
3.10000e+00 2.64400e+00
3.30000e+00 2.75200e+00
3.50000e+00 2.86000e+00
3.70000e+00 2.85600e+00
3.90000e+00 2.85200e+00
4.20000e+00 2.85000e+00
4.60000e+00 2.85000e+00
5.00000e+00 2.85000e+00
5.40000e+00 2.85000e+00
5.80000e+00 2.85000e+00
6.20000e+00 2.85000e+00
6.60000e+00 2.85000e+00
7.00000e+00 2.85000e+00
7.40000e+00 2.85000e+00
7.80000e+00 2.85000e+00
8.20000e+00 2.85000e+00
8.60000e+00 2.85000e+00
9.00000e+00 2.85000e+00
9.40000e+00 2.85000e+00
9.80000e+00 2.85000e+00
1.05000e+01 2.85000e+00
1.15000e+01 2.85000e+00
1.25000e+01 2.85000e+00
1.35000e+01 2.85000e+00
1.45000e+01 2.85000e+00
1.55000e+01 2.85000e+00
1.65000e+01 2.85000e+00
1.75000e+01 2.85000e+00
1.85000e+01 2.85000e+00
1.95000e+01 2.85000e+00
2.10000e+01 2.85000e+00
2.30000e+01 2.85000e+00
2.50000e+01 2.85000e+00
2.70000e+01 2.85000e+00
2.90000e+01 2.85000e+00
