0.00000000	 0.00000000
0.50000000	 446.11565734
1.00000000	 279.85708899
1.50000000	 207.83264987
2.00000000	 167.92553505
2.50000000	 142.20219980
3.00000000	 123.57291358
3.50000000	 109.61140060
4.00000000	 98.77285516
4.50000000	 90.10943516
5.00000000	 82.90085393
5.50000000	 76.85189233
6.00000000	 71.72993099
6.50000000	 67.27310652
7.00000000	 63.38377889
7.50000000	 59.96324191
8.00000000	 56.91914791
8.50000000	 54.19675838
9.00000000	 51.74595819
9.50000000	 49.52662963
10.00000000	 47.50655911
10.50000000	 45.65943321
11.00000000	 43.96635109
11.50000000	 42.40290455
12.00000000	 40.95698330
12.50000000	 39.61548612
13.00000000	 38.36730956
13.50000000	 37.20285104
14.00000000	 36.11360804
14.50000000	 35.09247850
15.00000000	 34.13306082
15.50000000	 33.22985350
16.00000000	 32.37795547
16.50000000	 31.57296560
17.00000000	 30.81108313
17.50000000	 30.08870712
18.00000000	 29.40293692
18.50000000	 28.75087199
19.00000000	 28.13011166
19.50000000	 27.53845573
20.00000000	 26.97370378
20.50000000	 26.43405522
21.00000000	 25.91790976
21.50000000	 25.42376741
22.00000000	 24.95002774
22.50000000	 24.49559037
23.00000000	 24.05925530
23.50000000	 23.63992242
24.00000000	 23.23649134
24.50000000	 22.84826196
25.00000000	 22.47423438
25.50000000	 22.11360830
26.00000000	 21.76568351
26.50000000	 21.42986003
27.00000000	 21.10543774
27.50000000	 20.79191665
28.00000000	 20.48859666
28.50000000	 20.19507757
29.00000000	 19.91085948
29.50000000	 19.63544218
30.00000000	 19.36852569
30.50000000	 19.10960990
31.00000000	 18.85849491
31.50000000	 18.61458061
32.00000000	 18.37776682
32.50000000	 18.14765372
33.00000000	 17.92394113
33.50000000	 17.70642903
34.00000000	 17.49481754
34.50000000	 17.28880644
35.00000000	 17.08829574
35.50000000	 16.89298565
36.00000000	 16.70257585
36.50000000	 16.51706635
37.00000000	 16.33615725
37.50000000	 16.15974846
38.00000000	 15.98764006
38.50000000	 15.81963196
39.00000000	 15.65562416
39.50000000	 15.49541666
40.00000000	 15.33890937
40.50000000	 15.18600237
41.00000000	 15.03649557
41.50000000	 14.89038897
42.00000000	 14.74748267
42.50000000	 14.60767647
43.00000000	 14.47097058
43.50000000	 14.33706487
44.00000000	 14.20605938
44.50000000	 14.07765398
45.00000000	 13.95204868
45.50000000	 13.82894378
46.00000000	 13.70823888
46.50000000	 13.59003408
47.00000000	 13.47412948
47.50000000	 13.36052498
48.00000000	 13.24912068
48.50000000	 13.13981659
49.00000000	 13.03251248
49.50000000	 12.92730838
50.00000000	 12.82410459
50.50000000	 12.72270089
51.00000000	 12.62319719
51.50000000	 12.52549369
52.00000000	 12.42949019
52.50000000	 12.33528689
53.00000000	 12.24258369
53.50000000	 12.15158039
54.00000000	 12.06217729
54.50000000	 11.97427429
55.00000000	 11.88787139
55.50000000	 11.80286859
56.00000000	 11.71926569
56.50000000	 11.63716299
57.00000000	 11.55626039
57.50000000	 11.47675779
58.00000000	 11.39845529
58.50000000	 11.32145279
59.00000000	 11.24565039
59.50000000	 11.17104799
60.00000000	 11.09764569
60.50000000	 11.02534349
61.00000000	 10.95414129
61.50000000	 10.88403919
62.00000000	 10.81493719
62.50000000	 10.74683509
63.00000000	 10.67983299
63.50000000	 10.61383110
64.00000000	 10.54872919
64.50000000	 10.48462740
65.00000000	 10.42132559
65.50000000	 10.35902370
66.00000000	 10.29762200
66.50000000	 10.23702030
67.00000000	 10.17731860
67.50000000	 10.11841700
68.00000000	 10.06031540
68.50000000	 10.00301380
69.00000000	 9.94651226
69.50000000	 9.89075077
70.00000000	 9.83573929
70.50000000	 9.78145785
71.00000000	 9.72788643
71.50000000	 9.67502504
72.00000000	 9.62284368
72.50000000	 9.57134234
73.00000000	 9.52050104
73.50000000	 9.47029976
74.00000000	 9.42073850
74.50000000	 9.37179726
75.00000000	 9.32347605
75.50000000	 9.27574486
76.00000000	 9.22861369
76.50000000	 9.18205255
77.00000000	 9.13606143
77.50000000	 9.09062033
78.00000000	 9.04572924
78.50000000	 9.00137817
79.00000000	 8.95755713
79.50000000	 8.91424611
80.00000000	 8.87144510
80.50000000	 8.82914412
81.00000000	 8.78732314
81.50000000	 8.74600218
82.00000000	 8.70514125
82.50000000	 8.66475032
83.00000000	 8.62481942
83.50000000	 8.58532853
84.00000000	 8.54628765
84.50000000	 8.50767679
85.00000000	 8.46949594
85.50000000	 8.43173511
86.00000000	 8.39438430
86.50000000	 8.35743349
87.00000000	 8.32089269
87.50000000	 8.28474191
88.00000000	 8.24898115
88.50000000	 8.21359040
89.00000000	 8.17857965
89.50000000	 8.14393892
90.00000000	 8.10965820
90.50000000	 8.07573749
91.00000000	 8.04216680
91.50000000	 8.00893612
92.00000000	 7.97604544
92.50000000	 7.94349477
93.00000000	 7.91127411
93.50000000	 7.87938347
94.00000000	 7.84780284
94.50000000	 7.81654222
95.00000000	 7.78558160
95.50000000	 7.75494099
96.00000000	 7.72459040
96.50000000	 7.69453980
97.00000000	 7.66478922
97.50000000	 7.63531866
98.00000000	 7.60612809
98.50000000	 7.57722753
99.00000000	 7.54859699
99.50000000	 7.52023645
100.00000000	 7.49214592
100.50000000	 7.46431539
101.00000000	 7.43675487
101.50000000	 7.40944437
102.00000000	 7.38238387
102.50000000	 7.35557337
103.00000000	 7.32901288
103.50000000	 7.30269240
104.00000000	 7.27661192
104.50000000	 7.25077146
105.00000000	 7.22515100
105.50000000	 7.19977053
106.00000000	 7.17462009
106.50000000	 7.14967965
107.00000000	 7.12496920
107.50000000	 7.10047877
108.00000000	 7.07619835
108.50000000	 7.05212793
109.00000000	 7.02826751
109.50000000	 7.00461710
110.00000000	 6.98116670
110.50000000	 6.95791630
111.00000000	 6.93486591
111.50000000	 6.91200552
112.00000000	 6.88934513
112.50000000	 6.86687475
113.00000000	 6.84459438
113.50000000	 6.82249401
114.00000000	 6.80058364
114.50000000	 6.77885328
115.00000000	 6.75730293
115.50000000	 6.73592258
116.00000000	 6.71472222
116.50000000	 6.69370188
117.00000000	 6.67284155
117.50000000	 6.65215121
118.00000000	 6.63163088
118.50000000	 6.61127056
119.00000000	 6.59107023
119.50000000	 6.57103991
120.00000000	 6.55115960
120.50000000	 6.53143929
121.00000000	 6.51186898
121.50000000	 6.49245867
122.00000000	 6.47319837
122.50000000	 6.45408808
123.00000000	 6.43511779
123.50000000	 6.41629749
124.00000000	 6.39762720
124.50000000	 6.37909693
125.00000000	 6.36069665
125.50000000	 6.34244636
126.00000000	 6.32433609
126.50000000	 6.30635582
127.00000000	 6.28851555
127.50000000	 6.27080529
128.00000000	 6.25322503
128.50000000	 6.23577477
129.00000000	 6.21845451
129.50000000	 6.20126426
130.00000000	 6.18419401
130.50000000	 6.16725376
131.00000000	 6.15043352
131.50000000	 6.13373328
132.00000000	 6.11715304
132.50000000	 6.10069280
133.00000000	 6.08435256
133.50000000	 6.06813233
134.00000000	 6.05202210
134.50000000	 6.03603187
135.00000000	 6.02015165
135.50000000	 6.00438143
136.00000000	 5.98872121
136.50000000	 5.97317099
137.00000000	 5.95773078
137.50000000	 5.94239056
138.00000000	 5.92717035
138.50000000	 5.91204015
139.00000000	 5.89701993
139.50000000	 5.88210973
140.00000000	 5.86728953
140.50000000	 5.85257933
141.00000000	 5.83795913
141.50000000	 5.82344893
142.00000000	 5.80902875
142.50000000	 5.79469855
143.00000000	 5.78047835
143.50000000	 5.76634817
144.00000000	 5.75230799
144.50000000	 5.73835780
145.00000000	 5.72450761
145.50000000	 5.71074744
146.00000000	 5.69706726
146.50000000	 5.68348707
147.00000000	 5.66999690
147.50000000	 5.65658673
148.00000000	 5.64326656
148.50000000	 5.63002639
149.00000000	 5.61687621
149.50000000	 5.60381604
150.00000000	 5.59083588
150.50000000	 5.57793572
151.00000000	 5.56511556
151.50000000	 5.55237540
152.00000000	 5.53971523
152.50000000	 5.52714507
153.00000000	 5.51464492
153.50000000	 5.50222477
154.00000000	 5.48987461
154.50000000	 5.47761446
155.00000000	 5.46541431
155.50000000	 5.45330415
156.00000000	 5.44126401
156.50000000	 5.42929387
157.00000000	 5.41739372
157.50000000	 5.40557357
158.00000000	 5.39382343
158.50000000	 5.38214329
159.00000000	 5.37053315
159.50000000	 5.35899301
160.00000000	 5.34752287
160.50000000	 5.33612273
161.00000000	 5.32479260
161.50000000	 5.31352247
162.00000000	 5.30232233
162.50000000	 5.29119220
163.00000000	 5.28012207
163.50000000	 5.26912194
164.00000000	 5.25818182
164.50000000	 5.24730169
165.00000000	 5.23649156
165.50000000	 5.22574143
166.00000000	 5.21506131
166.50000000	 5.20443119
167.00000000	 5.19387107
167.50000000	 5.18336095
168.00000000	 5.17292082
168.50000000	 5.16254071
169.00000000	 5.15221059
169.50000000	 5.14195047
170.00000000	 5.13174036
170.50000000	 5.12159024
171.00000000	 5.11150013
171.50000000	 5.10146002
172.00000000	 5.09147990
172.50000000	 5.08155979
173.00000000	 5.07168969
173.50000000	 5.06186958
174.00000000	 5.05210946
174.50000000	 5.04240935
175.00000000	 5.03275925
175.50000000	 5.02315915
176.00000000	 5.01360905
176.50000000	 5.00410894
177.00000000	 4.99466883
177.50000000	 4.98527873
178.00000000	 4.97593863
178.50000000	 4.96664854
179.00000000	 4.95739844
179.50000000	 4.94820833
180.00000000	 4.93906823
180.50000000	 4.92997814
181.00000000	 4.92092804
181.50000000	 4.91193794
182.00000000	 4.90298785
182.50000000	 4.89408776
183.00000000	 4.88522767
183.50000000	 4.87641757
184.00000000	 4.86765747
184.50000000	 4.85894738
185.00000000	 4.85027730
185.50000000	 4.84164721
186.00000000	 4.83306712
186.50000000	 4.82452703
187.00000000	 4.81603694
187.50000000	 4.80758685
188.00000000	 4.79918676
188.50000000	 4.79082668
189.00000000	 4.78250660
189.50000000	 4.77422651
190.00000000	 4.76599643
190.50000000	 4.75779635
191.00000000	 4.74964626
191.50000000	 4.74153618
192.00000000	 4.73346610
192.50000000	 4.72543601
193.00000000	 4.71745593
193.50000000	 4.70950586
194.00000000	 4.70159578
194.50000000	 4.69372570
195.00000000	 4.68589562
195.50000000	 4.67810554
196.00000000	 4.67035547
196.50000000	 4.66263540
197.00000000	 4.65495531
197.50000000	 4.64732524
198.00000000	 4.63971517
198.50000000	 4.63215509
199.00000000	 4.62462502
199.50000000	 4.61713494
200.00000000	 4.60968487
200.50000000	 4.60226481
201.00000000	 4.59487473
201.50000000	 4.58753466
202.00000000	 4.58021459
202.50000000	 4.57294452
203.00000000	 4.56569445
203.50000000	 4.55849438
204.00000000	 4.55131432
204.50000000	 4.54417424
205.00000000	 4.53707417
205.50000000	 4.53000411
206.00000000	 4.52296405
206.50000000	 4.51595398
207.00000000	 4.50898391
207.50000000	 4.50204385
208.00000000	 4.49513379
208.50000000	 4.48825372
209.00000000	 4.48141365
209.50000000	 4.47460359
210.00000000	 4.46782353
210.50000000	 4.46107347
211.00000000	 4.45435340
211.50000000	 4.44767334
212.00000000	 4.44101329
212.50000000	 4.43438322
213.00000000	 4.42779316
213.50000000	 4.42122310
214.00000000	 4.41469304
214.50000000	 4.40818299
215.00000000	 4.40170292
215.50000000	 4.39526286
216.00000000	 4.38884281
216.50000000	 4.38245275
217.00000000	 4.37609269
217.50000000	 4.36976264
218.00000000	 4.36345258
218.50000000	 4.35718252
219.00000000	 4.35093247
219.50000000	 4.34471241
220.00000000	 4.33852236
220.50000000	 4.33235231
221.00000000	 4.32621225
221.50000000	 4.32010219
222.00000000	 4.31402214
222.50000000	 4.30796209
223.00000000	 4.30193203
223.50000000	 4.29593198
224.00000000	 4.28995194
224.50000000	 4.28399188
225.00000000	 4.27807182
225.50000000	 4.27217178
226.00000000	 4.26629173
226.50000000	 4.26044167
227.00000000	 4.25462162
227.50000000	 4.24882158
228.00000000	 4.24304153
228.50000000	 4.23729147
229.00000000	 4.23157143
229.50000000	 4.22586138
230.00000000	 4.22019133
230.50000000	 4.21453129
231.00000000	 4.20890123
231.50000000	 4.20330118
232.00000000	 4.19772114
232.50000000	 4.19216110
233.00000000	 4.18662105
233.50000000	 4.18111100
234.00000000	 4.17562095
234.50000000	 4.17016091
235.00000000	 4.16471087
235.50000000	 4.15929081
236.00000000	 4.15390077
236.50000000	 4.14852073
237.00000000	 4.14317068
237.50000000	 4.13784064
238.00000000	 4.13253060
238.50000000	 4.12724056
239.00000000	 4.12197051
239.50000000	 4.11673046
240.00000000	 4.11151043
240.50000000	 4.10630039
241.00000000	 4.10112033
241.50000000	 4.09597029
242.00000000	 4.09083026
242.50000000	 4.08571022
243.00000000	 4.08061017
243.50000000	 4.07554013
244.00000000	 4.07048010
244.50000000	 4.06544005
245.00000000	 4.06043001
245.50000000	 4.05542997
246.00000000	 4.05045993
246.50000000	 4.04549990
247.00000000	 4.04055985
247.50000000	 4.03564981
248.00000000	 4.03074978
248.50000000	 4.02586973
249.00000000	 4.02101969
249.50000000	 4.01617966
250.00000000	 4.01135963
250.50000000	 4.00654959
251.00000000	 4.00176954
251.50000000	 3.99700951
252.00000000	 3.99225947
252.50000000	 3.98753943
253.00000000	 3.98282940
253.50000000	 3.97813936
254.00000000	 3.97346933
254.50000000	 3.96880929
255.00000000	 3.96417925
255.50000000	 3.95955922
256.00000000	 3.95495918
256.50000000	 3.95037915
257.00000000	 3.94580912
257.50000000	 3.94125908
258.00000000	 3.93672904
258.50000000	 3.93221901
259.00000000	 3.92771897
259.50000000	 3.92324894
260.00000000	 3.91877891
260.50000000	 3.91433887
261.00000000	 3.90990884
261.50000000	 3.90549881
262.00000000	 3.90109877
262.50000000	 3.89672874
263.00000000	 3.89235871
263.50000000	 3.88801867
264.00000000	 3.88368864
264.50000000	 3.87937861
265.00000000	 3.87507858
265.50000000	 3.87079855
266.00000000	 3.86652852
266.50000000	 3.86227848
267.00000000	 3.85804845
267.50000000	 3.85382842
268.00000000	 3.84962839
268.50000000	 3.84543836
269.00000000	 3.84126832
269.50000000	 3.83711829
270.00000000	 3.83297827
270.50000000	 3.82884824
271.00000000	 3.82473821
271.50000000	 3.82063818
272.00000000	 3.81655814
272.50000000	 3.81249812
273.00000000	 3.80843809
273.50000000	 3.80440806
274.00000000	 3.80037803
274.50000000	 3.79637800
275.00000000	 3.79237797
275.50000000	 3.78840794
276.00000000	 3.78443792
276.50000000	 3.78048789
277.00000000	 3.77654786
277.50000000	 3.77262783
278.00000000	 3.76871780
278.50000000	 3.76482777
279.00000000	 3.76094775
279.50000000	 3.75707772
280.00000000	 3.75322769
280.50000000	 3.74938767
281.00000000	 3.74555764
281.50000000	 3.74174761
282.00000000	 3.73794758
282.50000000	 3.73416756
283.00000000	 3.73038754
283.50000000	 3.72662750
284.00000000	 3.72288747
284.50000000	 3.71915745
285.00000000	 3.71543743
285.50000000	 3.71172741
286.00000000	 3.70802738
286.50000000	 3.70434735
287.00000000	 3.70067732
287.50000000	 3.69702729
288.00000000	 3.69338728
288.50000000	 3.68974725
289.00000000	 3.68613722
289.50000000	 3.68252720
290.00000000	 3.67893717
290.50000000	 3.67535715
291.00000000	 3.67178713
291.50000000	 3.66822710
292.00000000	 3.66468708
292.50000000	 3.66114706
293.00000000	 3.65762703
293.50000000	 3.65411700
294.00000000	 3.65062698
294.50000000	 3.64713696
295.00000000	 3.64366693
295.50000000	 3.64020691
296.00000000	 3.63675689
296.50000000	 3.63331687
297.00000000	 3.62988684
297.50000000	 3.62647682
298.00000000	 3.62306680
298.50000000	 3.61967677
299.00000000	 3.61629675
299.50000000	 3.61292673
300.00000000	 3.60956671
300.50000000	 3.60621668
301.00000000	 3.60288666
301.50000000	 3.59955664
302.00000000	 3.59624662
302.50000000	 3.59293660
303.00000000	 3.58964657
303.50000000	 3.58636655
304.00000000	 3.58309653
304.50000000	 3.57983651
305.00000000	 3.57658649
305.50000000	 3.57334647
306.00000000	 3.57011645
306.50000000	 3.56689642
307.00000000	 3.56369640
307.50000000	 3.56049639
308.00000000	 3.55730636
308.50000000	 3.55413634
309.00000000	 3.55096632
309.50000000	 3.54781630
310.00000000	 3.54466629
310.50000000	 3.54152626
311.00000000	 3.53840624
311.50000000	 3.53528622
312.00000000	 3.53218620
312.50000000	 3.52908618
313.00000000	 3.52600616
313.50000000	 3.52292614
314.00000000	 3.51986612
314.50000000	 3.51680611
315.00000000	 3.51375608
315.50000000	 3.51072606
316.00000000	 3.50769605
316.50000000	 3.50467603
317.00000000	 3.50166600
317.50000000	 3.49867598
318.00000000	 3.49568597
318.50000000	 3.49270595
319.00000000	 3.48973593
319.50000000	 3.48677591
320.00000000	 3.48382590
320.50000000	 3.48087588
321.00000000	 3.47794585
321.50000000	 3.47502584
322.00000000	 3.47210582
322.50000000	 3.46920580
323.00000000	 3.46630579
323.50000000	 3.46341577
324.00000000	 3.46053575
324.50000000	 3.45766573
325.00000000	 3.45480571
325.50000000	 3.45195569
326.00000000	 3.44911568
326.50000000	 3.44627566
327.00000000	 3.44345564
327.50000000	 3.44063563
328.00000000	 3.43782561
328.50000000	 3.43502559
329.00000000	 3.43223557
329.50000000	 3.42945556
330.00000000	 3.42667555
330.50000000	 3.42390552
331.00000000	 3.42115550
331.50000000	 3.41840549
332.00000000	 3.41566548
332.50000000	 3.41292546
333.00000000	 3.41020544
333.50000000	 3.40748542
334.00000000	 3.40478540
334.50000000	 3.40208540
335.00000000	 3.39938538
335.50000000	 3.39670535
336.00000000	 3.39403534
336.50000000	 3.39136533
337.00000000	 3.38870531
337.50000000	 3.38605530
338.00000000	 3.38340528
338.50000000	 3.38077526
339.00000000	 3.37814525
339.50000000	 3.37552523
340.00000000	 3.37291522
340.50000000	 3.37030520
341.00000000	 3.36771518
341.50000000	 3.36512517
342.00000000	 3.36254516
342.50000000	 3.35996514
343.00000000	 3.35740512
343.50000000	 3.35484511
344.00000000	 3.35229510
344.50000000	 3.34974508
345.00000000	 3.34721506
345.50000000	 3.34468505
346.00000000	 3.34216504
346.50000000	 3.33964503
347.00000000	 3.33713501
347.50000000	 3.33463499
348.00000000	 3.33214497
348.50000000	 3.32966496
349.00000000	 3.32718495
349.50000000	 3.32471493
350.00000000	 3.32225492
350.50000000	 3.31979491
351.00000000	 3.31734489
351.50000000	 3.31490488
352.00000000	 3.31246487
352.50000000	 3.31003485
353.00000000	 3.30761483
353.50000000	 3.30520482
354.00000000	 3.30279481
354.50000000	 3.30039479
355.00000000	 3.29800478
355.50000000	 3.29561477
356.00000000	 3.29323475
356.50000000	 3.29086474
357.00000000	 3.28849473
357.50000000	 3.28613471
358.00000000	 3.28378470
358.50000000	 3.28143469
359.00000000	 3.27909467
359.50000000	 3.27676466
360.00000000	 3.27443465
360.50000000	 3.27211463
361.00000000	 3.26980462
361.50000000	 3.26749461
362.00000000	 3.26519459
362.50000000	 3.26290458
363.00000000	 3.26061457
363.50000000	 3.25833456
364.00000000	 3.25605455
364.50000000	 3.25378453
365.00000000	 3.25152451
365.50000000	 3.24927450
366.00000000	 3.24702450
366.50000000	 3.24477448
367.00000000	 3.24254446
367.50000000	 3.24031446
368.00000000	 3.23808445
368.50000000	 3.23586443
369.00000000	 3.23365442
369.50000000	 3.23144441
370.00000000	 3.22924439
370.50000000	 3.22705438
371.00000000	 3.22486437
371.50000000	 3.22268436
372.00000000	 3.22050435
372.50000000	 3.21833433
373.00000000	 3.21617432
373.50000000	 3.21401431
374.00000000	 3.21186430
374.50000000	 3.20971429
375.00000000	 3.20757428
375.50000000	 3.20543427
376.00000000	 3.20330425
376.50000000	 3.20118424
377.00000000	 3.19906423
377.50000000	 3.19695422
378.00000000	 3.19484421
378.50000000	 3.19274419
379.00000000	 3.19065418
379.50000000	 3.18856417
380.00000000	 3.18648416
380.50000000	 3.18440416
381.00000000	 3.18232414
381.50000000	 3.18026412
382.00000000	 3.17820412
382.50000000	 3.17614411
383.00000000	 3.17409410
383.50000000	 3.17204408
384.00000000	 3.17001407
384.50000000	 3.16797407
385.00000000	 3.16594405
385.50000000	 3.16392404
386.00000000	 3.16190403
386.50000000	 3.15989402
387.00000000	 3.15788401
387.50000000	 3.15588400
388.00000000	 3.15388399
388.50000000	 3.15189398
389.00000000	 3.14990397
389.50000000	 3.14792395
390.00000000	 3.14595394
390.50000000	 3.14398394
391.00000000	 3.14201393
391.50000000	 3.14005391
392.00000000	 3.13810390
392.50000000	 3.13615390
393.00000000	 3.13420389
393.50000000	 3.13226387
394.00000000	 3.13033386
394.50000000	 3.12840386
395.00000000	 3.12647385
395.50000000	 3.12455383
396.00000000	 3.12264382
396.50000000	 3.12073382
397.00000000	 3.11882381
397.50000000	 3.11692379
398.00000000	 3.11503378
398.50000000	 3.11314378
399.00000000	 3.11125377
399.50000000	 3.10937375
400.00000000	 3.10750376
