0.00000000	 0.00000000
0.50000000	 417.92579923
1.00000000	 265.24534006
1.50000000	 198.19652056
2.00000000	 160.46151436
2.50000000	 135.87837833
3.00000000	 118.00550508
3.50000000	 104.69708658
4.00000000	 94.50112899
4.50000000	 86.33856733
5.00000000	 79.51147299
5.50000000	 73.76985731
6.00000000	 68.88367851
6.50000000	 64.64410628
7.00000000	 60.94022015
7.50000000	 57.69313340
8.00000000	 54.78709077
8.50000000	 52.18503216
9.00000000	 49.84095658
9.50000000	 47.71714850
10.00000000	 45.78319528
10.50000000	 44.01417661
11.00000000	 42.39930949
11.50000000	 40.90008157
12.00000000	 39.51317018
12.50000000	 38.22598156
13.00000000	 37.02821281
13.50000000	 35.91026113
14.00000000	 34.86452424
14.50000000	 33.88380028
15.00000000	 32.96228738
15.50000000	 32.09468457
16.00000000	 31.27619062
16.50000000	 30.50270455
17.00000000	 29.77042557
17.50000000	 29.07605276
18.00000000	 28.41668555
18.50000000	 27.78962332
19.00000000	 27.19256549
19.50000000	 26.62341196
20.00000000	 26.07996199
20.50000000	 25.56081535
21.00000000	 25.06407199
21.50000000	 24.58833122
22.00000000	 24.13239306
22.50000000	 23.69485728
23.00000000	 23.27472361
23.50000000	 22.87089203
24.00000000	 22.48236225
24.50000000	 22.10833407
25.00000000	 21.74800749
25.50000000	 21.40058241
26.00000000	 21.06535852
26.50000000	 20.74183604
27.00000000	 20.42911474
27.50000000	 20.12689435
28.00000000	 19.83457517
28.50000000	 19.55155687
29.00000000	 19.27753928
29.50000000	 19.01212269
30.00000000	 18.75470690
30.50000000	 18.50509181
31.00000000	 18.26277731
31.50000000	 18.02766342
32.00000000	 17.79925032
32.50000000	 17.57723772
33.00000000	 17.36142553
33.50000000	 17.15161394
34.00000000	 16.94740284
34.50000000	 16.74869224
35.00000000	 16.55508204
35.50000000	 16.36657205
36.00000000	 16.18296265
36.50000000	 16.00385355
37.00000000	 15.82934476
37.50000000	 15.65903646
38.00000000	 15.49282836
38.50000000	 15.33062046
39.00000000	 15.17231297
39.50000000	 15.01760577
40.00000000	 14.86649867
40.50000000	 14.71889187
41.00000000	 14.57458537
41.50000000	 14.43347907
42.00000000	 14.29547297
42.50000000	 14.16046707
43.00000000	 14.02836138
43.50000000	 13.89905588
44.00000000	 13.77245048
44.50000000	 13.64854528
45.00000000	 13.52714038
45.50000000	 13.40813548
46.00000000	 13.29163068
46.50000000	 13.17742618
47.00000000	 13.06542178
47.50000000	 12.95561738
48.00000000	 12.84801318
48.50000000	 12.74240929
49.00000000	 12.63870528
49.50000000	 12.53710139
50.00000000	 12.43729779
50.50000000	 12.33929419
51.00000000	 12.24309059
51.50000000	 12.14868719
52.00000000	 12.05588389
52.50000000	 11.96478059
53.00000000	 11.87527749
53.50000000	 11.78727439
54.00000000	 11.70087139
54.50000000	 11.61586859
55.00000000	 11.53226569
55.50000000	 11.45016289
56.00000000	 11.36936029
56.50000000	 11.28985759
57.00000000	 11.21175499
57.50000000	 11.13485259
58.00000000	 11.05915009
58.50000000	 10.98474769
59.00000000	 10.91144549
59.50000000	 10.83924319
60.00000000	 10.76824089
60.50000000	 10.69833879
61.00000000	 10.62943669
61.50000000	 10.56163459
62.00000000	 10.49483259
62.50000000	 10.42903059
63.00000000	 10.36422870
63.50000000	 10.30032690
64.00000000	 10.23732499
64.50000000	 10.17532320
65.00000000	 10.11412139
65.50000000	 10.05391967
66.00000000	 9.99444807
66.50000000	 9.93584638
67.00000000	 9.87806476
67.50000000	 9.82108317
68.00000000	 9.76489163
68.50000000	 9.70945012
69.00000000	 9.65476863
69.50000000	 9.60081717
70.00000000	 9.54759575
70.50000000	 9.49506436
71.00000000	 9.44323298
71.50000000	 9.39208164
72.00000000	 9.34159033
72.50000000	 9.29174904
73.00000000	 9.24254778
73.50000000	 9.19396654
74.00000000	 9.14600532
74.50000000	 9.09864413
75.00000000	 9.05187295
75.50000000	 9.00569180
76.00000000	 8.96007069
76.50000000	 8.91499958
77.00000000	 8.87048849
77.50000000	 8.82650742
78.00000000	 8.78306637
78.50000000	 8.74013535
79.00000000	 8.69771435
79.50000000	 8.65578336
80.00000000	 8.61435237
80.50000000	 8.57341142
81.00000000	 8.53293049
81.50000000	 8.49291956
82.00000000	 8.45336865
82.50000000	 8.41426776
83.00000000	 8.37560688
83.50000000	 8.33738602
84.00000000	 8.29958518
84.50000000	 8.26220435
85.00000000	 8.22523353
85.50000000	 8.18867272
86.00000000	 8.15251193
86.50000000	 8.11674115
87.00000000	 8.08136038
87.50000000	 8.04635963
88.00000000	 8.01172889
88.50000000	 7.97746816
89.00000000	 7.94356745
89.50000000	 7.91001674
90.00000000	 7.87682604
90.50000000	 7.84397536
91.00000000	 7.81146468
91.50000000	 7.77929402
92.00000000	 7.74744337
92.50000000	 7.71592273
93.00000000	 7.68471210
93.50000000	 7.65382147
94.00000000	 7.62324085
94.50000000	 7.59297025
95.00000000	 7.56298966
95.50000000	 7.53330907
96.00000000	 7.50391849
96.50000000	 7.47481792
97.00000000	 7.44599737
97.50000000	 7.41744681
98.00000000	 7.38918626
98.50000000	 7.36118573
99.00000000	 7.33345520
99.50000000	 7.30598468
100.00000000	 7.27877416
100.50000000	 7.25182365
101.00000000	 7.22512316
101.50000000	 7.19866267
102.00000000	 7.17245218
102.50000000	 7.14648170
103.00000000	 7.12075122
103.50000000	 7.09526076
104.00000000	 7.06999030
104.50000000	 7.04495984
105.00000000	 7.02014940
105.50000000	 6.99555896
106.00000000	 6.97118853
106.50000000	 6.94702810
107.00000000	 6.92308767
107.50000000	 6.89935725
108.00000000	 6.87583684
108.50000000	 6.85251644
109.00000000	 6.82939603
109.50000000	 6.80648563
110.00000000	 6.78376525
110.50000000	 6.76123486
111.00000000	 6.73890448
111.50000000	 6.71675410
112.00000000	 6.69480373
112.50000000	 6.67302337
113.00000000	 6.65143300
113.50000000	 6.63002264
114.00000000	 6.60879228
114.50000000	 6.58774194
115.00000000	 6.56685160
115.50000000	 6.54614125
116.00000000	 6.52560092
116.50000000	 6.50522059
117.00000000	 6.48501026
117.50000000	 6.46495994
118.00000000	 6.44506961
118.50000000	 6.42534930
119.00000000	 6.40576899
119.50000000	 6.38635867
120.00000000	 6.36709838
120.50000000	 6.34797808
121.00000000	 6.32901777
121.50000000	 6.31020748
122.00000000	 6.29153719
122.50000000	 6.27301690
123.00000000	 6.25463662
123.50000000	 6.23639634
124.00000000	 6.21829606
124.50000000	 6.20033578
125.00000000	 6.18251551
125.50000000	 6.16482525
126.00000000	 6.14726498
126.50000000	 6.12984472
127.00000000	 6.11254446
127.50000000	 6.09538420
128.00000000	 6.07834395
128.50000000	 6.06143370
129.00000000	 6.04464346
129.50000000	 6.02797321
130.00000000	 6.01143296
130.50000000	 5.99501272
131.00000000	 5.97871249
131.50000000	 5.96252226
132.00000000	 5.94645202
132.50000000	 5.93050179
133.00000000	 5.91466156
133.50000000	 5.89894134
134.00000000	 5.88332112
134.50000000	 5.86782090
135.00000000	 5.85242068
135.50000000	 5.83714046
136.00000000	 5.82196026
136.50000000	 5.80688004
137.00000000	 5.79191983
137.50000000	 5.77704963
138.00000000	 5.76228942
138.50000000	 5.74762922
139.00000000	 5.73306902
139.50000000	 5.71860883
140.00000000	 5.70423863
140.50000000	 5.68997843
141.00000000	 5.67580824
141.50000000	 5.66173805
142.00000000	 5.64775787
142.50000000	 5.63386768
143.00000000	 5.62007749
143.50000000	 5.60637731
144.00000000	 5.59276713
144.50000000	 5.57924695
145.00000000	 5.56581677
145.50000000	 5.55247660
146.00000000	 5.53921643
146.50000000	 5.52604625
147.00000000	 5.51296608
147.50000000	 5.49996592
148.00000000	 5.48704575
148.50000000	 5.47421558
149.00000000	 5.46146542
149.50000000	 5.44879526
150.00000000	 5.43620509
150.50000000	 5.42370493
151.00000000	 5.41127478
151.50000000	 5.39892462
152.00000000	 5.38665447
152.50000000	 5.37445432
153.00000000	 5.36233416
153.50000000	 5.35029401
154.00000000	 5.33832387
154.50000000	 5.32642372
155.00000000	 5.31460357
155.50000000	 5.30285342
156.00000000	 5.29118328
156.50000000	 5.27957314
157.00000000	 5.26804300
157.50000000	 5.25657286
158.00000000	 5.24518272
158.50000000	 5.23385258
159.00000000	 5.22260244
159.50000000	 5.21141232
160.00000000	 5.20028218
160.50000000	 5.18923204
161.00000000	 5.17824192
161.50000000	 5.16731179
162.00000000	 5.15645166
162.50000000	 5.14565153
163.00000000	 5.13492140
163.50000000	 5.12425128
164.00000000	 5.11364115
164.50000000	 5.10310103
165.00000000	 5.09261091
165.50000000	 5.08219079
166.00000000	 5.07182067
166.50000000	 5.06152054
167.00000000	 5.05128043
167.50000000	 5.04109032
168.00000000	 5.03096020
168.50000000	 5.02089008
169.00000000	 5.01087997
169.50000000	 5.00091986
170.00000000	 4.99101974
170.50000000	 4.98117963
171.00000000	 4.97138952
171.50000000	 4.96165941
172.00000000	 4.95197931
172.50000000	 4.94234920
173.00000000	 4.93277909
173.50000000	 4.92325898
174.00000000	 4.91379888
174.50000000	 4.90437878
175.00000000	 4.89501867
175.50000000	 4.88570857
176.00000000	 4.87644847
176.50000000	 4.86723837
177.00000000	 4.85807827
177.50000000	 4.84896817
178.00000000	 4.83990807
178.50000000	 4.83089797
179.00000000	 4.82193788
179.50000000	 4.81301779
180.00000000	 4.80414769
180.50000000	 4.79532759
181.00000000	 4.78655749
181.50000000	 4.77783740
182.00000000	 4.76915732
182.50000000	 4.76051723
183.00000000	 4.75192713
183.50000000	 4.74338704
184.00000000	 4.73488695
184.50000000	 4.72643686
185.00000000	 4.71802678
185.50000000	 4.70965669
186.00000000	 4.70133660
186.50000000	 4.69305652
187.00000000	 4.68481644
187.50000000	 4.67661635
188.00000000	 4.66846626
188.50000000	 4.66035618
189.00000000	 4.65228610
189.50000000	 4.64425602
190.00000000	 4.63626593
190.50000000	 4.62832585
191.00000000	 4.62041578
191.50000000	 4.61254570
192.00000000	 4.60471561
192.50000000	 4.59693553
193.00000000	 4.58918546
193.50000000	 4.58147539
194.00000000	 4.57379531
194.50000000	 4.56616522
195.00000000	 4.55857515
195.50000000	 4.55101508
196.00000000	 4.54349501
196.50000000	 4.53600494
197.00000000	 4.52855486
197.50000000	 4.52114478
198.00000000	 4.51377471
198.50000000	 4.50643464
199.00000000	 4.49913457
199.50000000	 4.49186450
200.00000000	 4.48463443
200.50000000	 4.47743436
201.00000000	 4.47027429
201.50000000	 4.46314422
202.00000000	 4.45605415
202.50000000	 4.44899409
203.00000000	 4.44196402
203.50000000	 4.43497395
204.00000000	 4.42801389
204.50000000	 4.42108382
205.00000000	 4.41419375
205.50000000	 4.40733369
206.00000000	 4.40050363
206.50000000	 4.39370356
207.00000000	 4.38694350
207.50000000	 4.38020344
208.00000000	 4.37350337
208.50000000	 4.36683331
209.00000000	 4.36019325
209.50000000	 4.35358319
210.00000000	 4.34700312
210.50000000	 4.34046306
211.00000000	 4.33394301
211.50000000	 4.32745295
212.00000000	 4.32099289
212.50000000	 4.31456282
213.00000000	 4.30817276
213.50000000	 4.30180272
214.00000000	 4.29545266
214.50000000	 4.28914259
215.00000000	 4.28286254
215.50000000	 4.27660248
216.00000000	 4.27038242
216.50000000	 4.26418237
217.00000000	 4.25801232
217.50000000	 4.25186227
218.00000000	 4.24574220
218.50000000	 4.23966215
219.00000000	 4.23359210
219.50000000	 4.22756204
220.00000000	 4.22155199
220.50000000	 4.21557194
221.00000000	 4.20961189
221.50000000	 4.20368183
222.00000000	 4.19778178
222.50000000	 4.19190173
223.00000000	 4.18605167
223.50000000	 4.18023163
224.00000000	 4.17442158
224.50000000	 4.16865152
225.00000000	 4.16290148
225.50000000	 4.15717143
226.00000000	 4.15147137
226.50000000	 4.14580133
227.00000000	 4.14014128
227.50000000	 4.13452123
228.00000000	 4.12891119
228.50000000	 4.12333113
229.00000000	 4.11778109
229.50000000	 4.11224105
230.00000000	 4.10673099
230.50000000	 4.10125094
231.00000000	 4.09579090
231.50000000	 4.09035086
232.00000000	 4.08493081
232.50000000	 4.07954076
233.00000000	 4.07417072
233.50000000	 4.06882068
234.00000000	 4.06349063
234.50000000	 4.05819058
235.00000000	 4.05291054
235.50000000	 4.04765050
236.00000000	 4.04241046
236.50000000	 4.03719041
237.00000000	 4.03200036
237.50000000	 4.02683033
238.00000000	 4.02167029
238.50000000	 4.01654024
239.00000000	 4.01143020
239.50000000	 4.00634015
240.00000000	 4.00128011
240.50000000	 3.99623008
241.00000000	 3.99120004
241.50000000	 3.98618999
242.00000000	 3.98120995
242.50000000	 3.97623991
243.00000000	 3.97129987
243.50000000	 3.96636984
244.00000000	 3.96145979
244.50000000	 3.95657975
245.00000000	 3.95170972
245.50000000	 3.94685968
246.00000000	 3.94202964
246.50000000	 3.93721960
247.00000000	 3.93242956
247.50000000	 3.92765952
248.00000000	 3.92290948
248.50000000	 3.91817945
249.00000000	 3.91345942
249.50000000	 3.90875937
250.00000000	 3.90408933
250.50000000	 3.89942930
251.00000000	 3.89478927
251.50000000	 3.89015923
252.00000000	 3.88555919
252.50000000	 3.88096916
253.00000000	 3.87639912
253.50000000	 3.87184908
254.00000000	 3.86731905
254.50000000	 3.86279902
255.00000000	 3.85829898
255.50000000	 3.85381894
256.00000000	 3.84935891
256.50000000	 3.84490888
257.00000000	 3.84047885
257.50000000	 3.83605881
258.00000000	 3.83166877
258.50000000	 3.82728874
259.00000000	 3.82292871
259.50000000	 3.81857868
260.00000000	 3.81424864
260.50000000	 3.80993861
261.00000000	 3.80563858
261.50000000	 3.80135855
262.00000000	 3.79708852
262.50000000	 3.79283848
263.00000000	 3.78860845
263.50000000	 3.78438842
264.00000000	 3.78018839
264.50000000	 3.77599836
265.00000000	 3.77182832
265.50000000	 3.76767829
266.00000000	 3.76353826
266.50000000	 3.75941823
267.00000000	 3.75530821
267.50000000	 3.75120817
268.00000000	 3.74713814
268.50000000	 3.74306812
269.00000000	 3.73901808
269.50000000	 3.73498805
270.00000000	 3.73096802
270.50000000	 3.72696799
271.00000000	 3.72297797
271.50000000	 3.71899794
272.00000000	 3.71503791
272.50000000	 3.71108788
273.00000000	 3.70715785
273.50000000	 3.70323782
274.00000000	 3.69933779
274.50000000	 3.69544776
275.00000000	 3.69157774
275.50000000	 3.68770771
276.00000000	 3.68386768
276.50000000	 3.68002766
277.00000000	 3.67620763
277.50000000	 3.67239760
278.00000000	 3.66860757
278.50000000	 3.66482754
279.00000000	 3.66106752
279.50000000	 3.65730750
280.00000000	 3.65356746
280.50000000	 3.64984744
281.00000000	 3.64612742
281.50000000	 3.64242738
282.00000000	 3.63874736
282.50000000	 3.63506734
283.00000000	 3.63140731
283.50000000	 3.62775728
284.00000000	 3.62412726
284.50000000	 3.62049724
285.00000000	 3.61688721
285.50000000	 3.61328718
286.00000000	 3.60970715
286.50000000	 3.60613714
287.00000000	 3.60256711
287.50000000	 3.59902708
288.00000000	 3.59548706
288.50000000	 3.59196704
289.00000000	 3.58844702
289.50000000	 3.58494698
290.00000000	 3.58146696
290.50000000	 3.57798694
291.00000000	 3.57452692
291.50000000	 3.57106690
292.00000000	 3.56762686
292.50000000	 3.56420684
293.00000000	 3.56078683
293.50000000	 3.55737680
294.00000000	 3.55398677
294.50000000	 3.55060676
295.00000000	 3.54722673
295.50000000	 3.54387670
296.00000000	 3.54052669
296.50000000	 3.53718667
297.00000000	 3.53385664
297.50000000	 3.53054662
298.00000000	 3.52723660
298.50000000	 3.52394657
299.00000000	 3.52066655
299.50000000	 3.51739653
300.00000000	 3.51413651
300.50000000	 3.51088649
301.00000000	 3.50764647
301.50000000	 3.50441644
302.00000000	 3.50120642
302.50000000	 3.49799641
303.00000000	 3.49479638
303.50000000	 3.49161636
304.00000000	 3.48843634
304.50000000	 3.48527631
305.00000000	 3.48212630
305.50000000	 3.47897628
306.00000000	 3.47584626
306.50000000	 3.47271624
307.00000000	 3.46960621
307.50000000	 3.46650619
308.00000000	 3.46341618
308.50000000	 3.46032616
309.00000000	 3.45725613
309.50000000	 3.45419612
310.00000000	 3.45113610
310.50000000	 3.44809607
311.00000000	 3.44506606
311.50000000	 3.44203604
312.00000000	 3.43902602
312.50000000	 3.43601600
313.00000000	 3.43302598
313.50000000	 3.43003596
314.00000000	 3.42706594
314.50000000	 3.42409593
315.00000000	 3.42113590
315.50000000	 3.41819588
316.00000000	 3.41525587
316.50000000	 3.41232585
317.00000000	 3.40940583
317.50000000	 3.40649581
318.00000000	 3.40359579
318.50000000	 3.40070578
319.00000000	 3.39781576
319.50000000	 3.39494574
320.00000000	 3.39207572
320.50000000	 3.38922570
321.00000000	 3.38637569
321.50000000	 3.38353567
322.00000000	 3.38070565
322.50000000	 3.37788563
323.00000000	 3.37507561
323.50000000	 3.37227560
324.00000000	 3.36947558
324.50000000	 3.36669556
325.00000000	 3.36391555
325.50000000	 3.36114553
326.00000000	 3.35838551
326.50000000	 3.35563549
327.00000000	 3.35289548
327.50000000	 3.35015546
328.00000000	 3.34743544
328.50000000	 3.34471543
329.00000000	 3.34200541
329.50000000	 3.33930540
330.00000000	 3.33660538
330.50000000	 3.33392536
331.00000000	 3.33124535
331.50000000	 3.32857533
332.00000000	 3.32591531
332.50000000	 3.32326529
333.00000000	 3.32062528
333.50000000	 3.31798527
334.00000000	 3.31535525
334.50000000	 3.31273523
335.00000000	 3.31012522
335.50000000	 3.30751520
336.00000000	 3.30492518
336.50000000	 3.30233517
337.00000000	 3.29975516
337.50000000	 3.29717514
338.00000000	 3.29461512
338.50000000	 3.29205511
339.00000000	 3.28950510
339.50000000	 3.28695508
340.00000000	 3.28442506
340.50000000	 3.28189505
341.00000000	 3.27937504
341.50000000	 3.27685502
342.00000000	 3.27435500
342.50000000	 3.27185499
343.00000000	 3.26936498
343.50000000	 3.26687496
344.00000000	 3.26440494
344.50000000	 3.26193493
345.00000000	 3.25947492
345.50000000	 3.25701491
346.00000000	 3.25456489
346.50000000	 3.25212487
347.00000000	 3.24969486
347.50000000	 3.24726484
348.00000000	 3.24485483
348.50000000	 3.24243482
349.00000000	 3.24003480
349.50000000	 3.23763479
350.00000000	 3.23524478
350.50000000	 3.23285476
351.00000000	 3.23048474
351.50000000	 3.22811474
352.00000000	 3.22574473
352.50000000	 3.22338471
353.00000000	 3.22103469
353.50000000	 3.21869468
354.00000000	 3.21635467
354.50000000	 3.21402465
355.00000000	 3.21170464
355.50000000	 3.20938463
356.00000000	 3.20707461
356.50000000	 3.20477460
357.00000000	 3.20247459
357.50000000	 3.20018457
358.00000000	 3.19790456
358.50000000	 3.19562455
359.00000000	 3.19335454
359.50000000	 3.19108453
360.00000000	 3.18882451
360.50000000	 3.18657449
361.00000000	 3.18433448
361.50000000	 3.18209448
362.00000000	 3.17985446
362.50000000	 3.17763444
363.00000000	 3.17541444
363.50000000	 3.17319443
364.00000000	 3.17098441
364.50000000	 3.16878439
365.00000000	 3.16659438
365.50000000	 3.16440438
366.00000000	 3.16221437
366.50000000	 3.16003435
367.00000000	 3.15786433
367.50000000	 3.15570432
368.00000000	 3.15354432
368.50000000	 3.15138430
369.00000000	 3.14924429
369.50000000	 3.14709428
370.00000000	 3.14496426
370.50000000	 3.14283426
371.00000000	 3.14070425
371.50000000	 3.13858423
372.00000000	 3.13647421
372.50000000	 3.13437421
373.00000000	 3.13226420
373.50000000	 3.13017418
374.00000000	 3.12808417
374.50000000	 3.12600416
375.00000000	 3.12392416
375.50000000	 3.12184414
376.00000000	 3.11978412
376.50000000	 3.11772412
377.00000000	 3.11566411
377.50000000	 3.11361409
378.00000000	 3.11157408
378.50000000	 3.10953408
379.00000000	 3.10749407
379.50000000	 3.10546405
380.00000000	 3.10344404
380.50000000	 3.10142403
381.00000000	 3.09941401
381.50000000	 3.09741401
382.00000000	 3.09540400
382.50000000	 3.09341398
383.00000000	 3.09142398
383.50000000	 3.08943397
384.00000000	 3.08745395
384.50000000	 3.08548394
385.00000000	 3.08351393
385.50000000	 3.08155392
386.00000000	 3.07959392
386.50000000	 3.07763391
387.00000000	 3.07568389
387.50000000	 3.07374388
388.00000000	 3.07180387
388.50000000	 3.06987386
389.00000000	 3.06794385
389.50000000	 3.06602384
390.00000000	 3.06410383
390.50000000	 3.06219382
391.00000000	 3.06028381
391.50000000	 3.05838380
392.00000000	 3.05648379
392.50000000	 3.05459378
393.00000000	 3.05270377
393.50000000	 3.05082376
394.00000000	 3.04894376
394.50000000	 3.04706374
395.00000000	 3.04520373
395.50000000	 3.04333373
396.00000000	 3.04147371
396.50000000	 3.03962370
397.00000000	 3.03777369
397.50000000	 3.03593368
398.00000000	 3.03409368
398.50000000	 3.03225367
399.00000000	 3.03042365
399.50000000	 3.02860363
400.00000000	 3.02679364
