0.00000000	 63.57536232
0.50000000	 256.90000000
1.00000000	 175.40000000
1.50000000	 135.50000000
2.00000000	 111.80000000
2.50000000	 95.86000000
3.00000000	 84.33000000
3.50000000	 75.54000000
4.00000000	 68.60000000
4.50000000	 62.96000000
5.00000000	 58.28000000
5.50000000	 54.31000000
6.00000000	 50.91000000
6.50000000	 47.95000000
7.00000000	 45.36000000
7.50000000	 43.06000000
8.00000000	 41.01000000
8.50000000	 39.16000000
9.00000000	 37.50000000
9.50000000	 35.98000000
10.00000000	 34.59000000
10.50000000	 33.36219609
11.00000000	 32.19615480
11.50000000	 31.09801546
12.00000000	 30.07391741
12.50000000	 29.13000000
13.00000000	 28.25840689
13.50000000	 27.44375746
14.00000000	 26.68090457
14.50000000	 25.96470113
15.00000000	 25.29000000
15.50000000	 24.65312635
16.00000000	 24.05177785
16.50000000	 23.48286618
17.00000000	 22.94330300
17.50000000	 22.43000000
18.00000000	 21.93853900
18.50000000	 21.46785984
19.00000000	 21.01991118
19.50000000	 20.59664167
20.00000000	 20.20000000
20.50000000	 19.82372616
21.00000000	 19.45997813
21.50000000	 19.10833155
22.00000000	 18.76836207
22.50000000	 18.43964532
23.00000000	 18.12175695
23.50000000	 17.81427259
24.00000000	 17.51676789
24.50000000	 17.22881848
25.00000000	 16.95000000
25.50000000	 16.68343816
26.00000000	 16.43078784
26.50000000	 16.18941845
27.00000000	 15.95669936
27.50000000	 15.73000000
28.00000000	 15.50812342
28.50000000	 15.29224992
29.00000000	 15.08331470
29.50000000	 14.88225299
30.00000000	 14.69000000
30.50000000	 14.50443559
31.00000000	 14.32285224
31.50000000	 14.14530408
32.00000000	 13.97184525
32.50000000	 13.80252990
33.00000000	 13.63741215
33.50000000	 13.47654615
34.00000000	 13.31998603
34.50000000	 13.16778594
35.00000000	 13.02000000
35.50000000	 12.87628462
36.00000000	 12.73617596
36.50000000	 12.59954776
37.00000000	 12.46627381
37.50000000	 12.33622787
38.00000000	 12.20928369
38.50000000	 12.08531505
39.00000000	 11.96419571
39.50000000	 11.84579944
40.00000000	 11.73000000
40.50000000	 11.61673001
41.00000000	 11.50595345
41.50000000	 11.39759111
42.00000000	 11.29156380
42.50000000	 11.18779231
43.00000000	 11.08619743
43.50000000	 10.98669996
44.00000000	 10.88922070
44.50000000	 10.79368045
45.00000000	 10.70000000
45.50000000	 10.60810086
46.00000000	 10.51793949
46.50000000	 10.42948917
47.00000000	 10.34272314
47.50000000	 10.25761469
48.00000000	 10.17413705
48.50000000	 10.09226351
49.00000000	 10.01196731
49.50000000	 9.93322172
50.00000000	 9.85600000
50.50000000	 9.78026322
51.00000000	 9.70595692
51.50000000	 9.63303107
52.00000000	 9.56143564
52.50000000	 9.49112059
53.00000000	 9.42203590
53.50000000	 9.35413152
54.00000000	 9.28735743
54.50000000	 9.22166361
55.00000000	 9.15700000
55.50000000	 9.09334718
56.00000000	 9.03070759
56.50000000	 8.96906399
57.00000000	 8.90839917
57.50000000	 8.84869590
58.00000000	 8.78993696
58.50000000	 8.73210512
59.00000000	 8.67518316
59.50000000	 8.61915386
60.00000000	 8.56400000
60.50000000	 8.50970564
61.00000000	 8.45625062
61.50000000	 8.40361139
62.00000000	 8.35176439
62.50000000	 8.30068606
63.00000000	 8.25035285
63.50000000	 8.20074119
64.00000000	 8.15182754
64.50000000	 8.10358833
65.00000000	 8.05600000
65.50000000	 8.00904878
66.00000000	 7.96273107
66.50000000	 7.91703857
67.00000000	 7.87196299
67.50000000	 7.82749602
68.00000000	 7.78362937
68.50000000	 7.74035474
69.00000000	 7.69766383
69.50000000	 7.65554835
70.00000000	 7.61400000
70.50000000	 7.57300528
71.00000000	 7.53254909
71.50000000	 7.49262070
72.00000000	 7.45320939
72.50000000	 7.41430445
73.00000000	 7.37589515
73.50000000	 7.33797078
74.00000000	 7.30052061
74.50000000	 7.26353392
75.00000000	 7.22700000
75.50000000	 7.19090894
76.00000000	 7.15525401
76.50000000	 7.12002925
77.00000000	 7.08522871
77.50000000	 7.05084641
78.00000000	 7.01687639
78.50000000	 6.98331271
79.00000000	 6.95014939
79.50000000	 6.91738047
80.00000000	 6.88500000
80.50000000	 6.85300453
81.00000000	 6.82138841
81.50000000	 6.79014233
82.00000000	 6.75925700
82.50000000	 6.72872311
83.00000000	 6.69853138
83.50000000	 6.66867250
84.00000000	 6.63913717
84.50000000	 6.60991611
85.00000000	 6.58100000
85.50000000	 6.55238910
86.00000000	 6.52408579
86.50000000	 6.49608397
87.00000000	 6.46837752
87.50000000	 6.44096034
88.00000000	 6.41382634
88.50000000	 6.38696941
89.00000000	 6.36038345
89.50000000	 6.33406234
90.00000000	 6.30800000
90.50000000	 6.28218614
91.00000000	 6.25661559
91.50000000	 6.23128995
92.00000000	 6.20621077
92.50000000	 6.18137965
93.00000000	 6.15679816
93.50000000	 6.13246787
94.00000000	 6.10839037
94.50000000	 6.08456722
95.00000000	 6.06100000
95.50000000	 6.03757391
96.00000000	 6.01421807
96.50000000	 5.99099999
97.00000000	 5.96798716
97.50000000	 5.94524706
98.00000000	 5.92284720
98.50000000	 5.90085507
99.00000000	 5.87933817
99.50000000	 5.85836398
100.00000000	 5.83800000
100.50000000	 5.81800923
101.00000000	 5.79811045
101.50000000	 5.77830482
102.00000000	 5.75859351
102.50000000	 5.73897768
103.00000000	 5.71945851
103.50000000	 5.70003715
104.00000000	 5.68071478
104.50000000	 5.66149255
105.00000000	 5.64237164
105.50000000	 5.62335321
106.00000000	 5.60443843
106.50000000	 5.58562847
107.00000000	 5.56692448
107.50000000	 5.54832764
108.00000000	 5.52983910
108.50000000	 5.51146005
109.00000000	 5.49319164
109.50000000	 5.47503504
110.00000000	 5.45699142
110.50000000	 5.43906194
111.00000000	 5.42124776
111.50000000	 5.40355006
112.00000000	 5.38597000
112.50000000	 5.36850874
113.00000000	 5.35116746
113.50000000	 5.33394732
114.00000000	 5.31684948
114.50000000	 5.29987511
115.00000000	 5.28302537
115.50000000	 5.26630144
116.00000000	 5.24970448
116.50000000	 5.23323565
117.00000000	 5.21689612
117.50000000	 5.20068705
118.00000000	 5.18460962
118.50000000	 5.16866499
119.00000000	 5.15285433
119.50000000	 5.13717879
120.00000000	 5.12163955
120.50000000	 5.10623777
121.00000000	 5.09097462
121.50000000	 5.07585127
122.00000000	 5.06086888
122.50000000	 5.04602861
123.00000000	 5.03133164
123.50000000	 5.01677913
124.00000000	 5.00237224
124.50000000	 4.98811214
125.00000000	 4.97400000
125.50000000	 4.96001326
126.00000000	 4.94612802
126.50000000	 4.93234349
127.00000000	 4.91865883
127.50000000	 4.90507324
128.00000000	 4.89158589
128.50000000	 4.87819596
129.00000000	 4.86490265
129.50000000	 4.85170513
130.00000000	 4.83860258
130.50000000	 4.82559419
131.00000000	 4.81267915
131.50000000	 4.79985663
132.00000000	 4.78712581
132.50000000	 4.77448589
133.00000000	 4.76193604
133.50000000	 4.74947544
134.00000000	 4.73710329
134.50000000	 4.72481875
135.00000000	 4.71262102
135.50000000	 4.70050928
136.00000000	 4.68848270
136.50000000	 4.67654048
137.00000000	 4.66468180
137.50000000	 4.65290583
138.00000000	 4.64121176
138.50000000	 4.62959878
139.00000000	 4.61806607
139.50000000	 4.60661280
140.00000000	 4.59523817
140.50000000	 4.58394135
141.00000000	 4.57272154
141.50000000	 4.56157790
142.00000000	 4.55050963
142.50000000	 4.53951590
143.00000000	 4.52859591
143.50000000	 4.51774882
144.00000000	 4.50697384
144.50000000	 4.49627013
145.00000000	 4.48563688
145.50000000	 4.47507328
146.00000000	 4.46457850
146.50000000	 4.45415173
147.00000000	 4.44379216
147.50000000	 4.43349896
148.00000000	 4.42327132
148.50000000	 4.41310842
149.00000000	 4.40300945
149.50000000	 4.39297358
150.00000000	 4.38300000
150.50000000	 4.37308832
151.00000000	 4.36323836
151.50000000	 4.35344969
152.00000000	 4.34372182
152.50000000	 4.33405431
153.00000000	 4.32444668
153.50000000	 4.31489849
154.00000000	 4.30540926
154.50000000	 4.29597853
155.00000000	 4.28660586
155.50000000	 4.27729076
156.00000000	 4.26803279
156.50000000	 4.25883147
157.00000000	 4.24968636
157.50000000	 4.24059698
158.00000000	 4.23156289
158.50000000	 4.22258360
159.00000000	 4.21365868
159.50000000	 4.20478764
160.00000000	 4.19597004
160.50000000	 4.18720541
161.00000000	 4.17849328
161.50000000	 4.16983321
162.00000000	 4.16122472
162.50000000	 4.15266736
163.00000000	 4.14416066
163.50000000	 4.13570417
164.00000000	 4.12729742
164.50000000	 4.11893994
165.00000000	 4.11063129
165.50000000	 4.10237100
166.00000000	 4.09415860
166.50000000	 4.08599364
167.00000000	 4.07787565
167.50000000	 4.06980418
168.00000000	 4.06177876
168.50000000	 4.05379893
169.00000000	 4.04586423
169.50000000	 4.03797419
170.00000000	 4.03012836
170.50000000	 4.02232628
171.00000000	 4.01456749
171.50000000	 4.00685151
172.00000000	 3.99917790
172.50000000	 3.99154619
173.00000000	 3.98395592
173.50000000	 3.97640662
174.00000000	 3.96889785
174.50000000	 3.96142913
175.00000000	 3.95400000
175.50000000	 3.94661062
176.00000000	 3.93926124
176.50000000	 3.93195159
177.00000000	 3.92468139
177.50000000	 3.91745034
178.00000000	 3.91025818
178.50000000	 3.90310461
179.00000000	 3.89598935
179.50000000	 3.88891212
180.00000000	 3.88187264
180.50000000	 3.87487063
181.00000000	 3.86790579
181.50000000	 3.86097786
182.00000000	 3.85408654
182.50000000	 3.84723156
183.00000000	 3.84041262
183.50000000	 3.83362945
184.00000000	 3.82688177
184.50000000	 3.82016929
185.00000000	 3.81349173
185.50000000	 3.80684881
186.00000000	 3.80024024
186.50000000	 3.79366574
187.00000000	 3.78712503
187.50000000	 3.78061783
188.00000000	 3.77414385
188.50000000	 3.76770281
189.00000000	 3.76129443
189.50000000	 3.75491842
190.00000000	 3.74857450
190.50000000	 3.74226239
191.00000000	 3.73598181
191.50000000	 3.72973247
192.00000000	 3.72351410
192.50000000	 3.71732640
193.00000000	 3.71116909
193.50000000	 3.70504190
194.00000000	 3.69894454
194.50000000	 3.69287673
195.00000000	 3.68683818
195.50000000	 3.68082861
196.00000000	 3.67484774
196.50000000	 3.66889529
197.00000000	 3.66297096
197.50000000	 3.65707449
198.00000000	 3.65120559
198.50000000	 3.64536397
199.00000000	 3.63954936
199.50000000	 3.63376146
200.00000000	 3.62800000
200.50000000	 3.62226466
201.00000000	 3.61655523
201.50000000	 3.61087163
202.00000000	 3.60521373
202.50000000	 3.59958146
203.00000000	 3.59397470
203.50000000	 3.58839335
204.00000000	 3.58283731
204.50000000	 3.57730648
205.00000000	 3.57180077
205.50000000	 3.56632005
206.00000000	 3.56086425
206.50000000	 3.55543325
207.00000000	 3.55002696
207.50000000	 3.54464527
208.00000000	 3.53928808
208.50000000	 3.53395530
209.00000000	 3.52864681
209.50000000	 3.52336252
210.00000000	 3.51810233
210.50000000	 3.51286613
211.00000000	 3.50765383
211.50000000	 3.50246533
212.00000000	 3.49730051
212.50000000	 3.49215929
213.00000000	 3.48704156
213.50000000	 3.48194722
214.00000000	 3.47687616
214.50000000	 3.47182829
215.00000000	 3.46680351
215.50000000	 3.46180171
216.00000000	 3.45682280
216.50000000	 3.45186666
217.00000000	 3.44693321
217.50000000	 3.44202234
218.00000000	 3.43713394
218.50000000	 3.43226793
219.00000000	 3.42742419
219.50000000	 3.42260262
220.00000000	 3.41780313
220.50000000	 3.41302561
221.00000000	 3.40826996
221.50000000	 3.40353608
222.00000000	 3.39882387
222.50000000	 3.39413323
223.00000000	 3.38946406
223.50000000	 3.38481625
224.00000000	 3.38018970
224.50000000	 3.37558432
225.00000000	 3.37100000
225.50000000	 3.36643642
226.00000000	 3.36189322
226.50000000	 3.35737026
227.00000000	 3.35286741
227.50000000	 3.34838451
228.00000000	 3.34392142
228.50000000	 3.33947801
229.00000000	 3.33505413
229.50000000	 3.33064963
230.00000000	 3.32626438
230.50000000	 3.32189824
231.00000000	 3.31755105
231.50000000	 3.31322268
232.00000000	 3.30891299
232.50000000	 3.30462183
233.00000000	 3.30034906
233.50000000	 3.29609453
234.00000000	 3.29185812
234.50000000	 3.28763966
235.00000000	 3.28343903
235.50000000	 3.27925607
236.00000000	 3.27509065
236.50000000	 3.27094263
237.00000000	 3.26681185
237.50000000	 3.26269818
238.00000000	 3.25860148
238.50000000	 3.25452160
239.00000000	 3.25045840
239.50000000	 3.24641174
240.00000000	 3.24238148
240.50000000	 3.23836747
241.00000000	 3.23436957
241.50000000	 3.23038764
242.00000000	 3.22642154
242.50000000	 3.22247112
243.00000000	 3.21853624
243.50000000	 3.21461676
244.00000000	 3.21071254
244.50000000	 3.20682343
245.00000000	 3.20294929
245.50000000	 3.19908998
246.00000000	 3.19524536
246.50000000	 3.19141528
247.00000000	 3.18759960
247.50000000	 3.18379818
248.00000000	 3.18001088
248.50000000	 3.17623756
249.00000000	 3.17247806
249.50000000	 3.16873226
250.00000000	 3.16500000
250.50000000	 3.16128138
251.00000000	 3.15757655
251.50000000	 3.15388545
252.00000000	 3.15020805
252.50000000	 3.14654429
253.00000000	 3.14289412
253.50000000	 3.13925749
254.00000000	 3.13563436
254.50000000	 3.13202468
255.00000000	 3.12842839
255.50000000	 3.12484545
256.00000000	 3.12127581
256.50000000	 3.11771942
257.00000000	 3.11417623
257.50000000	 3.11064619
258.00000000	 3.10712925
258.50000000	 3.10362537
259.00000000	 3.10013449
259.50000000	 3.09665657
260.00000000	 3.09319155
260.50000000	 3.08973940
261.00000000	 3.08630005
261.50000000	 3.08287346
262.00000000	 3.07945959
262.50000000	 3.07605837
263.00000000	 3.07266977
263.50000000	 3.06929374
264.00000000	 3.06593022
264.50000000	 3.06257916
265.00000000	 3.05924052
265.50000000	 3.05591425
266.00000000	 3.05260030
266.50000000	 3.04929863
267.00000000	 3.04600917
267.50000000	 3.04273188
268.00000000	 3.03946672
268.50000000	 3.03621363
269.00000000	 3.03297257
269.50000000	 3.02974349
270.00000000	 3.02652633
270.50000000	 3.02332105
271.00000000	 3.02012760
271.50000000	 3.01694593
272.00000000	 3.01377600
272.50000000	 3.01061774
273.00000000	 3.00747112
273.50000000	 3.00433609
274.00000000	 3.00121259
274.50000000	 2.99810057
275.00000000	 2.99500000
275.50000000	 2.99190919
276.00000000	 2.98882658
276.50000000	 2.98575230
277.00000000	 2.98268648
277.50000000	 2.97962924
278.00000000	 2.97658071
278.50000000	 2.97354103
279.00000000	 2.97051030
279.50000000	 2.96748868
280.00000000	 2.96447627
280.50000000	 2.96147321
281.00000000	 2.95847962
281.50000000	 2.95549564
282.00000000	 2.95252138
282.50000000	 2.94955698
283.00000000	 2.94660256
283.50000000	 2.94365825
284.00000000	 2.94072418
284.50000000	 2.93780048
285.00000000	 2.93488727
285.50000000	 2.93198467
286.00000000	 2.92909282
286.50000000	 2.92621184
287.00000000	 2.92334187
287.50000000	 2.92048302
288.00000000	 2.91763542
288.50000000	 2.91479921
289.00000000	 2.91197450
289.50000000	 2.90916143
290.00000000	 2.90636013
290.50000000	 2.90357071
291.00000000	 2.90079331
291.50000000	 2.89802806
292.00000000	 2.89527507
292.50000000	 2.89253449
293.00000000	 2.88980643
293.50000000	 2.88709102
294.00000000	 2.88438840
294.50000000	 2.88169868
295.00000000	 2.87902199
295.50000000	 2.87635847
296.00000000	 2.87370824
296.50000000	 2.87107142
297.00000000	 2.86844814
297.50000000	 2.86583853
298.00000000	 2.86324272
298.50000000	 2.86066084
299.00000000	 2.85809301
299.50000000	 2.85553935
300.00000000	 2.85300000
300.50000000	 2.85047075
301.00000000	 2.84794733
301.50000000	 2.84542972
302.00000000	 2.84291796
302.50000000	 2.84041203
303.00000000	 2.83791195
303.50000000	 2.83541772
304.00000000	 2.83292935
304.50000000	 2.83044686
305.00000000	 2.82797023
305.50000000	 2.82549949
306.00000000	 2.82303464
306.50000000	 2.82057568
307.00000000	 2.81812263
307.50000000	 2.81567548
308.00000000	 2.81323425
308.50000000	 2.81079895
309.00000000	 2.80836957
309.50000000	 2.80594613
310.00000000	 2.80352864
310.50000000	 2.80111709
311.00000000	 2.79871151
311.50000000	 2.79631188
312.00000000	 2.79391823
312.50000000	 2.79153056
313.00000000	 2.78914888
313.50000000	 2.78677318
314.00000000	 2.78440349
314.50000000	 2.78203980
315.00000000	 2.77968213
315.50000000	 2.77733047
316.00000000	 2.77498484
316.50000000	 2.77264525
317.00000000	 2.77031169
317.50000000	 2.76798419
318.00000000	 2.76566274
318.50000000	 2.76334735
319.00000000	 2.76103803
319.50000000	 2.75873478
320.00000000	 2.75643762
320.50000000	 2.75414654
321.00000000	 2.75186157
321.50000000	 2.74958269
322.00000000	 2.74730993
322.50000000	 2.74504328
323.00000000	 2.74278275
323.50000000	 2.74052836
324.00000000	 2.73828010
324.50000000	 2.73603799
325.00000000	 2.73380203
325.50000000	 2.73157223
326.00000000	 2.72934859
326.50000000	 2.72713113
327.00000000	 2.72491984
327.50000000	 2.72271475
328.00000000	 2.72051584
328.50000000	 2.71832313
329.00000000	 2.71613663
329.50000000	 2.71395635
330.00000000	 2.71178228
330.50000000	 2.70961445
331.00000000	 2.70745284
331.50000000	 2.70529748
332.00000000	 2.70314837
332.50000000	 2.70100551
333.00000000	 2.69886891
333.50000000	 2.69673859
334.00000000	 2.69461453
334.50000000	 2.69249677
335.00000000	 2.69038529
335.50000000	 2.68828011
336.00000000	 2.68618123
336.50000000	 2.68408866
337.00000000	 2.68200241
337.50000000	 2.67992249
338.00000000	 2.67784889
338.50000000	 2.67578163
339.00000000	 2.67372072
339.50000000	 2.67166616
340.00000000	 2.66961796
340.50000000	 2.66757613
341.00000000	 2.66554067
341.50000000	 2.66351159
342.00000000	 2.66148889
342.50000000	 2.65947259
343.00000000	 2.65746269
343.50000000	 2.65545920
344.00000000	 2.65346212
344.50000000	 2.65147146
345.00000000	 2.64948723
345.50000000	 2.64750943
346.00000000	 2.64553808
346.50000000	 2.64357318
347.00000000	 2.64161473
347.50000000	 2.63966274
348.00000000	 2.63771723
348.50000000	 2.63577819
349.00000000	 2.63384563
349.50000000	 2.63191957
350.00000000	 2.63000000
350.50000000	 2.62808620
351.00000000	 2.62617743
351.50000000	 2.62427369
352.00000000	 2.62237496
352.50000000	 2.62048122
353.00000000	 2.61859249
353.50000000	 2.61670873
354.00000000	 2.61482996
354.50000000	 2.61295614
355.00000000	 2.61108729
355.50000000	 2.60922337
356.00000000	 2.60736440
356.50000000	 2.60551035
357.00000000	 2.60366122
357.50000000	 2.60181700
358.00000000	 2.59997768
358.50000000	 2.59814325
359.00000000	 2.59631370
359.50000000	 2.59448902
360.00000000	 2.59266920
360.50000000	 2.59085423
361.00000000	 2.58904411
361.50000000	 2.58723882
362.00000000	 2.58543835
362.50000000	 2.58364270
363.00000000	 2.58185185
363.50000000	 2.58006580
364.00000000	 2.57828453
364.50000000	 2.57650804
365.00000000	 2.57473632
365.50000000	 2.57296936
366.00000000	 2.57120714
366.50000000	 2.56944966
367.00000000	 2.56769691
367.50000000	 2.56594888
368.00000000	 2.56420557
368.50000000	 2.56246695
369.00000000	 2.56073303
369.50000000	 2.55900378
370.00000000	 2.55727922
370.50000000	 2.55555931
371.00000000	 2.55384406
371.50000000	 2.55213345
372.00000000	 2.55042748
372.50000000	 2.54872613
373.00000000	 2.54702940
373.50000000	 2.54533728
374.00000000	 2.54364976
374.50000000	 2.54196682
375.00000000	 2.54028846
375.50000000	 2.53861467
376.00000000	 2.53694544
376.50000000	 2.53528076
377.00000000	 2.53362062
377.50000000	 2.53196502
378.00000000	 2.53031393
378.50000000	 2.52866736
379.00000000	 2.52702529
379.50000000	 2.52538772
380.00000000	 2.52375463
380.50000000	 2.52212601
381.00000000	 2.52050186
381.50000000	 2.51888217
382.00000000	 2.51726692
382.50000000	 2.51565611
383.00000000	 2.51404973
383.50000000	 2.51244777
384.00000000	 2.51085021
384.50000000	 2.50925706
385.00000000	 2.50766829
385.50000000	 2.50608391
386.00000000	 2.50450390
386.50000000	 2.50292824
387.00000000	 2.50135695
387.50000000	 2.49978999
388.00000000	 2.49822737
388.50000000	 2.49666907
389.00000000	 2.49511509
389.50000000	 2.49356541
390.00000000	 2.49202003
390.50000000	 2.49047893
391.00000000	 2.48894211
391.50000000	 2.48740956
392.00000000	 2.48588127
392.50000000	 2.48435723
393.00000000	 2.48283742
393.50000000	 2.48132185
394.00000000	 2.47981049
394.50000000	 2.47830335
395.00000000	 2.47680041
395.50000000	 2.47530166
396.00000000	 2.47380709
396.50000000	 2.47231670
397.00000000	 2.47083047
397.50000000	 2.46934839
398.00000000	 2.46787046
398.50000000	 2.46639666
399.00000000	 2.46492700
399.50000000	 2.46346144
400.00000000	 2.46200000
