1.0000E-10 0.0000E+00
1.0000E-09 1.4140E-17
1.0000E-08 9.2259E-15
2.5300E-08 2.9338E-14
5.0000E-08 4.0410E-14
1.0000E-07 6.8341E-14
2.0000E-07 1.8920E-14
5.0000E-07 1.0490E-14
1.0000E-06 1.3919E-14
2.0000E-06 6.1821E-14
5.0000E-06 2.9279E-13
1.0000E-05 4.9868E-13
2.0000E-05 8.8352E-13
5.0000E-05 1.9209E-12
1.0000E-04 1.7268E-12
2.0000E-04 2.9176E-12
5.0000E-04 4.8908E-12
1.0000E-03 3.6173E-12
2.0000E-03 4.6596E-12
5.0000E-03 7.8281E-12
1.0000E-02 6.3257E-12
2.0000E-02 7.7291E-12
3.0000E-02 5.9799E-12
5.0000E-02 4.7070E-12
7.0000E-02 6.9169E-12
1.0000E-01 4.3918E-12
1.5000E-01 1.2656E-11
2.0000E-01 9.7515E-12
3.0000E-01 1.8926E-11
5.0000E-01 3.6693E-11
7.0000E-01 5.0066E-11
9.0000E-01 4.0838E-11
1.0000E+00 1.6829E-11
1.2000E+00 4.8975E-11
2.0000E+00 1.7208E-10
3.0000E+00 1.2016E-10
4.0000E+00 5.4425E-11
5.0000E+00 3.3126E-11
6.0000E+00 2.6385E-11
7.0000E+00 1.0241E-11
8.0000E+00 1.0560E-11
9.0000E+00 3.8659E-13
1.0000E+01 3.0225E-12
