1.00E-02 0.00E+00
6.67E-02 1.17E-03
1.33E-01 2.07E-03
2.00E-01 1.23E-03
2.67E-01 2.13E-03
3.33E-01 3.62E-03
4.00E-01 7.29E-03
4.67E-01 1.32E-02
5.33E-01 2.48E-02
6.00E-01 2.20E-02
6.67E-01 2.55E-02
7.33E-01 2.63E-02
8.00E-01 2.94E-02
8.67E-01 2.95E-02
9.33E-01 2.82E-02
1.00E+00 2.99E-02
1.07E+00 3.02E-02
1.13E+00 2.40E-02
1.20E+00 2.53E-02
1.27E+00 2.51E-02
1.33E+00 2.38E-02
1.40E+00 2.17E-02
1.47E+00 2.08E-02
1.53E+00 1.96E-02
1.60E+00 1.83E-02
1.67E+00 1.91E-02
1.73E+00 1.69E-02
1.80E+00 1.53E-02
1.87E+00 1.56E-02
1.93E+00 1.42E-02
2.00E+00 1.39E-02
2.07E+00 1.30E-02
2.13E+00 1.38E-02
2.20E+00 1.19E-02
2.27E+00 5.77E-02
2.33E+00 1.19E-02
2.40E+00 8.40E-03
2.47E+00 8.05E-03
2.53E+00 8.13E-03
2.60E+00 1.18E-02
2.67E+00 8.37E-03
2.73E+00 7.61E-03
2.80E+00 6.37E-03
2.87E+00 8.82E-03
2.93E+00 5.83E-03
3.00E+00 1.44E-02
3.07E+00 1.10E-02
3.13E+00 6.46E-03
3.20E+00 4.20E-03
3.27E+00 6.45E-03
3.33E+00 4.95E-03
3.40E+00 5.57E-03
3.47E+00 9.48E-03
3.53E+00 4.88E-03
3.60E+00 8.34E-03
3.67E+00 3.04E-03
3.73E+00 5.05E-03
3.80E+00 3.11E-03
3.87E+00 6.65E-03
3.93E+00 5.43E-03
4.00E+00 3.27E-03
4.07E+00 2.32E-03
4.13E+00 1.90E-03
4.20E+00 9.32E-03
4.27E+00 9.23E-03
4.40E+00 5.17E-03
4.47E+00 3.26E-03
4.60E+00 5.07E-03
4.67E+00 3.97E-03
4.73E+00 5.14E-03
4.80E+00 8.10E-03
4.87E+00 1.48E-03
4.93E+00 5.57E-03
5.13E+00 5.58E-03
5.20E+00 4.90E-03
5.27E+00 1.20E-03
5.33E+00 8.65E-04
5.47E+00 7.12E-03
5.67E+00 4.84E-03
5.73E+00 1.46E-03
5.80E+00 1.21E-03
5.87E+00 1.29E-03
5.93E+00 6.47E-04
6.00E+00 4.65E-04
6.07E+00 4.00E-04
6.13E+00 5.33E-03
6.20E+00 9.49E-04
6.27E+00 6.03E-03
6.53E+00 5.79E-03
6.60E+00 2.47E-04
6.67E+00 2.76E-04
6.73E+00 1.06E-03
6.87E+00 1.20E-03
6.93E+00 2.65E-04
7.00E+00 2.64E-04
7.07E+00 2.01E-04
7.13E+00 2.65E-04
7.20E+00 3.36E-04
7.47E+00 3.07E-03
7.53E+00 2.83E-04
7.60E+00 1.61E-04
7.67E+00 2.84E-04
7.73E+00 4.96E-02
7.80E+00 3.59E-05
8.00E+00 2.07E-05
8.60E+00 9.38E-06
9.13E+00 4.46E-05
