1e-10           0
1e-09  5.3668e-09
1e-08  1.0419e-06
2.53e-08  4.6728e-06
5e-08  7.7419e-06
1e-07  8.3778e-06
1.06e-07  5.7164e-07
1.22e-07  8.7005e-07
1.41e-07  6.0206e-07
1.65e-07  3.6216e-07
1.94e-07  3.8434e-07
2.32e-07  3.1212e-08
2.79e-07  7.1232e-09
3.39e-07           0
4.15e-07           0
5.11e-07           0
6.25e-07           0
1e-06           0
2e-06           0
3e-06           0
4e-06           0
5e-06           0
1e-05           0
2e-05           0
5e-05           0
0.0001           0
0.0002           0
0.0005           0
0.001           0
0.002           0
0.005           0
0.01           0
0.015           0
0.0248           0
0.0409           0
0.0674           0
0.0865           0
0.111           0
0.143           0
0.183           0
0.235           0
0.302           0
0.388           0
0.498           0
0.639           0
0.821           0
1.05           0
1.35           0
1.74           0
2.23           0
3  0
4  0
5  0
6  0
7  0
8  0
9  0
10   0
