0.01 0
0.0667 0.00116965076567438
0.133 0.00206938212388545
0.2 0.00122963285622179
0.267 0.00212936421443285
0.333 0.00361891946302673
0.4 0.00728782400150963
0.467 0.013196059920429
0.533 0.0247925974262605
0.6 0.0219934332007149
0.667 0.0254923884826468
0.733 0.0262921496899456
0.8 0.0293912243682281
0.867 0.0294911945191405
0.933 0.02819158255728
1 0.0298910751227898
1.07 0.0301909855755269
1.13 0.0239928362189617
1.2 0.0252924481808222
1.27 0.0250925078789975
1.33 0.0237928959171371
1.4 0.0216935227479779
1.47 0.0207937913897668
1.53 0.0195941495788188
1.6 0.0182945376169583
1.67 0.0190942988242571
1.73 0.0168949555041856
1.8 0.0152954330895881
1.87 0.0155953435423251
1.93 0.0141957614295524
2 0.0138958509768153
2.07 0.0129961196186043
2.13 0.013795880825903
2.2 0.0118964479585685
2.27 0.0576827770764205
2.33 0.0118964479585685
2.4 0.00839749267663661
2.47 0.00804759714844342
2.53 0.00812757326917329
2.6 0.0117964778076562
2.67 0.00836750163136291
2.73 0.00760772848442912
2.8 0.00636809861311609
2.87 0.00881736731046844
2.93 0.00582825979818946
3 0.014395701731377
3.07 0.0109967166003575
3.13 0.0064580717489372
3.2 0.0041987463383183
3.27 0.00644807473384597
3.33 0.00494852247016086
3.4 0.00556833740581737
3.47 0.00947717030648989
3.53 0.00487854336452222
3.6 0.0083375105860892
3.67 0.00303909258773515
3.73 0.0050484926210732
3.8 0.00310907169337379
3.87 0.00664801503567065
3.93 0.00542837919454009
4 0.00326902393483354
4.07 0.0023193075011663
4.13 0.00189943286733447
4.2 0.00931721806503014
4.27 0.00922724492920904
4.4 0.00516845680216801
4.47 0.0032590269197423
4.6 0.00506848665125567
4.67 0.00396881499121992
4.73 0.00513846575689431
4.8 0.00809758222389959
4.87 0.00147955823350264
4.93 0.00556833740581737
5.13 0.0055783344209086
5.2 0.00489853739470469
5.27 0.00119964181094809
5.33 0.000864741805391746
5.47 0.00711787474495865
5.67 0.00483855530415728
5.73 0.00145956420332017
5.8 0.00120963882603932
5.87 0.00128961494676919
5.93 0.000646806876402844
6 0.000464861201742384
6.07 0.000399880603649362
6.13 0.00532840904362775
6.2 0.000948716732158112
6.27 0.00602820010001414
6.53 0.00578827173782452
6.6 0.000246926272753481
6.67 0.00027591761651806
6.73 0.00105968359967081
6.87 0.00119964181094809
6.93 0.000264920899917703
7 0.000263921198408579
7.07 0.000200940003333805
7.13 0.000264920899917703
7.2 0.000335899707065464
7.47 0.00306908363300886
7.53 0.000282915527081924
7.6 0.000160951942968868
7.67 0.000283915228591047
7.73 0.0495851948525209
7.8 3.58892841775303e-05
8 2.06938212388545e-05
8.6 9.37720015557755e-06
9.13 4.45866873069039e-05
