1e-10 0
1e-09 1.93523780330449e-08
1e-08 1.26268107846584e-05
2.53e-08 4.01527628524379e-05
5e-08 5.53061949303639e-05
1e-07 9.35333003646622e-05
2e-07 2.58944124742016e-05
5e-07 1.43568914827894e-05
1e-06 1.90499115871254e-05
2e-06 8.46098558968084e-05
5e-06 0.000400720138917626
1e-05 0.000682506639145605
2e-05 0.00120920884298132
5e-05 0.00262899455188656
0.0001 0.00236334415752914
0.0002 0.00399310453671937
0.0005 0.00669367825205206
0.001 0.00495073246527111
0.002 0.00637725181632081
0.005 0.0107137447298783
0.01 0.00865752034820597
0.02 0.0105782507111179
0.03 0.0081842493210612
0.05 0.00644212471015152
0.07 0.00946665230670216
0.1 0.00601073365244178
0.15 0.0173213363780917
0.2 0.0133461608478952
0.3 0.0259026242329143
0.5 0.050219010407816
0.7 0.0685216519520812
0.9 0.0558919670518734
1 0.0230326145628086
1.2 0.067028480492813
2 0.235513239881639
3 0.164454154487318
4 0.0744874946568933
5 0.0453371198530867
6 0.0361112089393133
7 0.0140161034962103
8 0.0144526953344381
9 0.000529097300126934
10 0.00413667345154727
