Energy 5 			# in MeV 
Multiplicity PromptGamma 0.999963
Differential_cross_section PromptGamma 26 	 # Secondary particule & Nbr of rows (Energies) 
# 	Energy(MeV)	Int.(b/MeV)
	0.250000	9.022205e-11
	0.500000	3.351653e-10
	0.750000	1.085219e-09
	1.000000	2.458923e-09
	1.250000	4.576423e-09
	1.500000	7.514180e-09
	1.750000	1.130739e-08
	2.000000	1.595292e-08
	2.250000	2.141219e-08
	2.500000	2.761401e-08
	2.750000	3.445699e-08
	3.000000	4.181040e-08
	3.250000	4.951313e-08
	3.500000	5.736714e-08
	3.750000	6.512027e-08
	4.000000	7.242743e-08
	4.250000	9.613416e-07
	4.500000	3.022470e-01
	4.750000	0.000000e+00
	5.000000	0.000000e+00
	5.250000	0.000000e+00
	5.500000	0.000000e+00
	5.750000	0.000000e+00
	6.000000	0.000000e+00
	6.250000	0.000000e+00
	6.500000	3.219547e-06

#################################################################################################################################################

Energy 6 			# in MeV 
Multiplicity PromptGamma 1.000003
Differential_cross_section PromptGamma 30 	 # Secondary particule & Nbr of rows (Energies) 
# 	Energy(MeV)	Int.(b/MeV)
	0.250000	3.181444e-11
	0.500000	1.186479e-10
	0.750000	3.896466e-10
	1.000000	8.949324e-10
	1.250000	1.687805e-09
	1.500000	2.807933e-09
	1.750000	4.281674e-09
	2.000000	6.122687e-09
	2.250000	8.332739e-09
	2.500000	1.090258e-08
	2.750000	1.381261e-08
	3.000000	1.703378e-08
	3.250000	2.052800e-08
	3.500000	2.424857e-08
	3.750000	2.813980e-08
	4.000000	3.213601e-08
	4.250000	3.615832e-08
	4.500000	5.799994e-01
	4.750000	4.385001e-08
	5.000000	6.744912e-07
	5.250000	0.000000e+00
	5.500000	0.000000e+00
	5.750000	0.000000e+00
	6.000000	0.000000e+00
	6.250000	0.000000e+00
	6.500000	0.000000e+00
	6.750000	0.000000e+00
	7.000000	0.000000e+00
	7.250000	0.000000e+00
	7.500000	1.398525e-06

#################################################################################################################################################

Energy 7 			# in MeV 
Multiplicity PromptGamma 1.000006
Differential_cross_section PromptGamma 34 	 # Secondary particule & Nbr of rows (Energies) 
# 	Energy(MeV)	Int.(b/MeV)
	0.250000	3.488918e-11
	0.500000	1.301618e-10
	0.750000	4.281450e-10
	1.000000	9.851135e-10
	1.250000	1.861674e-09
	1.500000	3.104325e-09
	1.750000	4.745953e-09
	2.000000	6.806571e-09
	2.250000	9.294395e-09
	2.500000	1.220656e-08
	2.750000	1.553050e-08
	3.000000	1.924451e-08
	3.250000	2.331924e-08
	3.500000	2.771770e-08
	3.750000	3.239664e-08
	4.000000	3.730667e-08
	4.250000	4.239211e-08
	4.500000	7.840011e-01
	4.750000	5.283505e-08
	5.000000	5.804300e-08
	5.250000	6.311767e-08
	5.500000	6.793146e-08
	5.750000	7.230091e-08
	6.000000	1.015776e-06
	6.250000	0.000000e+00
	6.500000	0.000000e+00
	6.750000	0.000000e+00
	7.000000	0.000000e+00
	7.250000	0.000000e+00
	7.500000	0.000000e+00
	7.750000	0.000000e+00
	8.000000	0.000000e+00
	8.250000	0.000000e+00
	8.500000	2.017048e-06

#################################################################################################################################################

Energy 8 			# in MeV 
Multiplicity PromptGamma 1.000006
Differential_cross_section PromptGamma 37 	 # Secondary particule & Nbr of rows (Energies) 
# 	Energy(MeV)	Int.(b/MeV)
	0.250000	4.338316e-11
	0.500000	1.618293e-10
	0.750000	5.322042e-10
	1.000000	1.224663e-09
	1.250000	2.315168e-09
	1.500000	3.862859e-09
	1.750000	5.910641e-09
	2.000000	8.486400e-09
	2.250000	1.160417e-08
	2.500000	1.526545e-08
	2.750000	1.946062e-08
	3.000000	2.417031e-08
	3.250000	2.936645e-08
	3.500000	3.501307e-08
	3.750000	4.106879e-08
	4.000000	4.748547e-08
	4.250000	5.421063e-08
	4.500000	1.024000e+00
	4.750000	6.835472e-08
	5.000000	7.564768e-08
	5.250000	8.299750e-08
	5.500000	9.032886e-08
	5.750000	9.755681e-08
	6.000000	1.045835e-07
	6.250000	1.112805e-07
	6.500000	1.174691e-07
	6.750000	1.228705e-07
	7.000000	1.632847e-06
	7.250000	0.000000e+00
	7.500000	0.000000e+00
	7.750000	0.000000e+00
	8.000000	0.000000e+00
	8.250000	0.000000e+00
	8.500000	0.000000e+00
	8.750000	0.000000e+00
	9.000000	0.000000e+00
	9.250000	3.123244e-06

#################################################################################################################################################

Energy 9 			# in MeV 
Multiplicity PromptGamma 0.791781
Differential_cross_section PromptGamma 41 	 # Secondary particule & Nbr of rows (Energies) 
# 	Energy(MeV)	Int.(b/MeV)
	0.250000	3.987568e-11
	0.500000	1.487425e-10
	0.750000	4.892678e-10
	1.000000	1.126351e-09
	1.250000	2.130675e-09
	1.500000	3.557937e-09
	1.750000	5.449593e-09
	2.000000	7.833773e-09
	2.250000	1.072655e-08
	2.500000	1.413321e-08
	2.750000	1.804934e-08
	3.000000	2.246226e-08
	3.250000	1.193589e-04
	3.500000	3.269261e-08
	3.750000	3.845272e-08
	4.000000	4.459686e-08
	4.250000	5.108619e-08
	4.500000	9.246736e-01
	4.750000	6.492905e-08
	5.000000	7.219220e-08
	5.250000	7.961973e-08
	5.500000	8.716217e-08
	5.750000	9.476819e-08
	6.000000	1.023851e-07
	6.250000	1.099555e-07
	6.500000	1.174168e-07
	6.750000	1.246959e-07
	7.000000	1.317012e-07
	7.250000	1.383018e-07
	7.500000	1.442975e-07
	7.750000	1.493557e-07
	8.000000	1.985634e-06
	8.250000	0.000000e+00
	8.500000	0.000000e+00
	8.750000	0.000000e+00
	9.000000	0.000000e+00
	9.250000	0.000000e+00
	9.500000	0.000000e+00
	9.750000	0.000000e+00
	10.000000	0.000000e+00
	10.250000	3.366688e-06

#################################################################################################################################################

Energy 10 			# in MeV 
Multiplicity PromptGamma 0.759495
Differential_cross_section PromptGamma 45 	 # Secondary particule & Nbr of rows (Energies) 
# 	Energy(MeV)	Int.(b/MeV)
	0.250000	3.951084e-11
	0.500000	1.473843e-10
	0.750000	4.848864e-10
	1.000000	1.116581e-09
	1.250000	2.113058e-09
	1.500000	3.530357e-09
	1.750000	5.410773e-09
	2.000000	7.783784e-09
	2.250000	1.066728e-08
	2.500000	1.406883e-08
	2.750000	1.798703e-08
	3.000000	2.241238e-08
	3.250000	1.524518e-04
	3.500000	3.271510e-08
	3.750000	3.854445e-08
	4.000000	4.478700e-08
	4.250000	5.140955e-08
	4.500000	9.416125e-01
	4.750000	6.565318e-08
	5.000000	7.319915e-08
	5.250000	8.097630e-08
	5.500000	8.894560e-08
	5.750000	9.706792e-08
	6.000000	1.053042e-07
	6.250000	1.136137e-07
	6.500000	1.219583e-07
	6.750000	1.302982e-07
	7.000000	1.385910e-07
	7.250000	1.467933e-07
	7.500000	1.548540e-07
	7.750000	1.627100e-07
	8.000000	1.702734e-07
	8.250000	1.774055e-07
	8.500000	1.838735e-07
	8.750000	2.384407e-06
	9.000000	0.000000e+00
	9.250000	0.000000e+00
	9.500000	0.000000e+00
	9.750000	0.000000e+00
	10.000000	0.000000e+00
	10.250000	0.000000e+00
	10.500000	0.000000e+00
	10.750000	0.000000e+00
	11.000000	0.000000e+00
	11.250000	4.098765e-06

#################################################################################################################################################

Energy 11 			# in MeV 
Multiplicity PromptGamma 0.629313
Differential_cross_section PromptGamma 48 	 # Secondary particule & Nbr of rows (Energies) 
# 	Energy(MeV)	Int.(b/MeV)
	0.250000	3.176868e-11
	0.500000	1.187459e-10
	0.750000	3.933974e-10
	1.000000	9.116289e-10
	1.250000	1.735229e-09
	1.500000	2.914940e-09
	1.750000	4.490798e-09
	2.000000	6.492759e-09
	2.250000	8.941536e-09
	2.500000	1.184953e-08
	2.750000	1.522164e-08
	3.000000	1.905657e-08
	3.250000	2.251047e-04
	3.500000	2.808216e-08
	3.750000	3.324562e-08
	4.000000	3.881929e-08
	4.250000	4.478184e-08
	4.500000	8.364957e-01
	4.750000	5.778004e-08
	5.000000	6.476611e-08
	5.250000	7.204232e-08
	5.500000	7.958295e-08
	5.750000	8.736140e-08
	6.000000	9.535240e-08
	6.250000	1.035308e-07
	6.500000	1.118709e-07
	6.750000	1.203502e-07
	7.000000	1.289440e-07
	7.250000	1.376303e-07
	7.500000	1.463875e-07
	7.750000	1.551935e-07
	8.000000	1.640250e-07
	8.250000	1.728583e-07
	8.500000	1.816612e-07
	8.750000	1.903902e-07
	9.000000	1.989708e-07
	9.250000	2.072756e-07
	9.500000	2.150607e-07
	9.750000	2.556736e-06
	10.000000	0.000000e+00
	10.250000	0.000000e+00
	10.500000	0.000000e+00
	10.750000	0.000000e+00
	11.000000	0.000000e+00
	11.250000	0.000000e+00
	11.500000	0.000000e+00
	11.750000	0.000000e+00
	12.000000	4.613650e-06

#################################################################################################################################################

Energy 12 			# in MeV 
Multiplicity PromptGamma 0.540533
Differential_cross_section PromptGamma 52 	 # Secondary particule & Nbr of rows (Energies) 
# 	Energy(MeV)	Int.(b/MeV)
	0.250000	2.506713e-11
	0.500000	9.389596e-11
	0.750000	3.132853e-10
	1.000000	7.305028e-10
	1.250000	1.398229e-09
	1.500000	2.360851e-09
	1.750000	3.654555e-09
	2.000000	5.307646e-09
	2.250000	7.341166e-09
	2.500000	9.769558e-09
	2.750000	1.260131e-08
	3.000000	1.583989e-08
	3.250000	2.510623e-04
	3.500000	2.352948e-08
	3.750000	2.796782e-08
	4.000000	3.278878e-08
	4.250000	3.798007e-08
	4.500000	7.452380e-01
	4.750000	4.941791e-08
	5.000000	5.563409e-08
	5.250000	6.216113e-08
	5.500000	6.898338e-08
	5.750000	7.608577e-08
	6.000000	8.345355e-08
	6.250000	9.107275e-08
	6.500000	9.893032e-08
	6.750000	1.070142e-07
	7.000000	1.153147e-07
	7.250000	1.238209e-07
	7.500000	1.325254e-07
	7.750000	1.414220e-07
	8.000000	1.505052e-07
	8.250000	1.597725e-07
	8.500000	1.692200e-07
	8.750000	1.788489e-07
	9.000000	1.886563e-07
	9.250000	1.986405e-07
	9.500000	2.087923e-07
	9.750000	2.190877e-07
	10.000000	2.294743e-07
	10.250000	2.398293e-07
	10.500000	2.499085e-07
	10.750000	2.815047e-06
	11.000000	0.000000e+00
	11.250000	0.000000e+00
	11.500000	0.000000e+00
	11.750000	0.000000e+00
	12.000000	0.000000e+00
	12.250000	0.000000e+00
	12.500000	0.000000e+00
	12.750000	0.000000e+00
	13.000000	4.888339e-06

#################################################################################################################################################

Energy 13 			# in MeV 
Multiplicity PromptGamma 0.464805
Differential_cross_section PromptGamma 56 	 # Secondary particule & Nbr of rows (Energies) 
# 	Energy(MeV)	Int.(b/MeV)
	0.250000	2.204355e-11
	0.500000	8.508811e-11
	0.750000	2.443913e-10
	1.000000	5.614980e-10
	1.250000	1.237172e-09
	1.500000	1.876032e-09
	1.750000	2.860776e-09
	2.000000	4.172480e-09
	2.250000	5.798573e-09
	2.500000	7.751542e-09
	2.750000	1.004173e-08
	3.000000	1.292917e-08
	3.250000	2.426489e-04
	3.500000	1.898678e-08
	3.750000	2.265201e-08
	4.000000	2.666175e-08
	4.250000	3.100504e-08
	4.500000	6.638568e-01
	4.750000	4.066454e-08
	5.000000	4.596531e-08
	5.250000	5.156925e-08
	5.500000	5.746889e-08
	5.750000	6.365658e-08
	6.000000	7.012636e-08
	6.250000	7.687190e-08
	6.500000	8.388890e-08
	6.750000	9.117403e-08
	7.000000	9.872514e-08
	7.250000	1.065416e-07
	7.500000	1.146250e-07
	7.750000	1.229790e-07
	8.000000	1.316071e-07
	8.250000	1.405177e-07
	8.500000	1.497196e-07
	8.750000	1.592257e-07
	9.000000	1.690512e-07
	9.250000	1.792121e-07
	9.500000	1.897317e-07
	9.750000	2.006297e-07
	10.000000	2.119362e-07
	10.250000	2.236728e-07
	10.500000	2.358658e-07
	10.750000	2.485221e-07
	11.000000	2.616250e-07
	11.250000	2.750899e-07
	11.500000	3.074006e-06
	11.750000	0.000000e+00
	12.000000	0.000000e+00
	12.250000	0.000000e+00
	12.500000	0.000000e+00
	12.750000	0.000000e+00
	13.000000	0.000000e+00
	13.250000	0.000000e+00
	13.500000	0.000000e+00
	13.750000	0.000000e+00
	14.000000	5.011369e-06

#################################################################################################################################################

Energy 14 			# in MeV 
Multiplicity PromptGamma 0.391998
Differential_cross_section PromptGamma 59 	 # Secondary particule & Nbr of rows (Energies) 
# 	Energy(MeV)	Int.(b/MeV)
	0.250000	3.204225e-06
	0.500000	4.534115e-06
	0.750000	2.171754e-07
	1.000000	7.017844e-10
	1.250000	5.344421e-04
	1.500000	2.172328e-04
	1.750000	6.857879e-05
	2.000000	3.660563e-09
	2.250000	4.967429e-09
	2.500000	1.997925e-08
	2.750000	1.191584e-08
	3.000000	1.232473e-08
	3.250000	2.023932e-04
	3.500000	1.644311e-08
	3.750000	1.962081e-08
	4.000000	2.312073e-08
	4.250000	2.693084e-08
	4.500000	5.784814e-01
	4.750000	3.704853e-08
	5.000000	4.071637e-08
	5.250000	4.533651e-08
	5.500000	5.068107e-08
	5.750000	5.631598e-08
	6.000000	6.223904e-08
	6.250000	6.844899e-08
	6.500000	7.494535e-08
	6.750000	8.172946e-08
	7.000000	8.880332e-08
	7.250000	9.617131e-08
	7.500000	1.038388e-07
	7.750000	3.142175e-07
	8.000000	1.717563e-07
	8.250000	1.420170e-07
	8.500000	1.376890e-07
	8.750000	1.470134e-07
	9.000000	1.567161e-07
	9.250000	1.668216e-07
	9.500000	1.773575e-07
	9.750000	1.883526e-07
	10.000000	1.998417e-07
	10.250000	2.118655e-07
	10.500000	2.244659e-07
	10.750000	2.376922e-07
	11.000000	2.515994e-07
	11.250000	2.662398e-07
	11.500000	2.816697e-07
	11.750000	2.979269e-07
	12.000000	3.150215e-07
	12.250000	1.010452e-06
	12.500000	3.766776e-06
	12.750000	2.922968e-08
	13.000000	0.000000e+00
	13.250000	0.000000e+00
	13.500000	0.000000e+00
	13.750000	0.000000e+00
	14.000000	0.000000e+00
	14.250000	0.000000e+00
	14.500000	0.000000e+00
	14.750000	5.693955e-06

#################################################################################################################################################

Energy 15 			# in MeV 
Multiplicity PromptGamma 0.345625
Differential_cross_section PromptGamma 63 	 # Secondary particule & Nbr of rows (Energies) 
# 	Energy(MeV)	Int.(b/MeV)
	0.250000	2.644508e-05
	0.500000	7.653110e-05
	0.750000	1.186266e-04
	1.000000	1.051012e-04
	1.250000	6.335458e-04
	1.500000	5.937504e-04
	1.750000	5.593745e-04
	2.000000	5.226866e-04
	2.250000	3.901423e-04
	2.500000	1.430248e-04
	2.750000	4.257779e-05
	3.000000	1.875065e-08
	3.250000	1.808762e-04
	3.500000	2.004849e-08
	3.750000	1.982048e-08
	4.000000	2.158371e-08
	4.250000	2.431366e-08
	4.500000	5.247054e-01
	4.750000	3.664167e-08
	5.000000	4.015138e-08
	5.250000	4.462212e-08
	5.500000	4.897205e-08
	5.750000	5.257986e-08
	6.000000	5.735809e-08
	6.250000	6.280545e-08
	6.500000	6.896443e-08
	6.750000	7.542549e-08
	7.000000	8.219393e-08
	7.250000	8.927658e-08
	7.500000	9.668205e-08
	7.750000	3.864559e-07
	8.000000	2.660066e-07
	8.250000	2.363874e-07
	8.500000	2.285422e-07
	8.750000	2.127345e-07
	9.000000	1.772453e-07
	9.250000	1.679782e-07
	9.500000	1.692761e-07
	9.750000	1.803466e-07
	10.000000	1.919638e-07
	10.250000	2.041725e-07
	10.500000	2.170175e-07
	10.750000	2.305583e-07
	11.000000	2.448504e-07
	11.250000	2.599676e-07
	11.500000	2.759813e-07
	11.750000	2.929812e-07
	12.000000	1.416452e-06
	12.250000	7.537110e-07
	12.500000	6.158405e-07
	12.750000	5.837221e-07
	13.000000	5.492046e-07
	13.250000	4.796402e-07
	13.500000	4.524925e-06
	13.750000	0.000000e+00
	14.000000	0.000000e+00
	14.250000	0.000000e+00
	14.500000	0.000000e+00
	14.750000	0.000000e+00
	15.000000	0.000000e+00
	15.250000	0.000000e+00
	15.500000	0.000000e+00
	15.750000	6.672233e-06

#################################################################################################################################################

Energy 16 			# in MeV 
Multiplicity PromptGamma 0.264732
Differential_cross_section PromptGamma 67 	 # Secondary particule & Nbr of rows (Energies) 
# 	Energy(MeV)	Int.(b/MeV)
	0.250000	4.077508e-05
	0.500000	1.028331e-04
	0.750000	1.820037e-04
	1.000000	2.370309e-04
	1.250000	9.048313e-04
	1.500000	8.660247e-04
	1.750000	7.691302e-04
	2.000000	6.241969e-04
	2.250000	4.753742e-04
	2.500000	3.908578e-04
	2.750000	3.452699e-04
	3.000000	3.196289e-04
	3.250000	3.914113e-04
	3.500000	9.162697e-05
	3.750000	2.817811e-05
	4.000000	2.608889e-08
	4.250000	4.263249e-08
	4.500000	4.133930e-01
	4.750000	3.502280e-08
	5.000000	3.776983e-08
	5.250000	4.199941e-08
	5.500000	4.675487e-08
	5.750000	5.196872e-08
	6.000000	5.755144e-08
	6.250000	6.274179e-08
	6.500000	6.690358e-08
	6.750000	7.229619e-08
	7.000000	7.841747e-08
	7.250000	8.537492e-08
	7.500000	5.215326e-07
	7.750000	2.888004e-07
	8.000000	2.336229e-07
	8.250000	2.152322e-07
	8.500000	2.098058e-07
	8.750000	2.131404e-07
	9.000000	2.219664e-07
	9.250000	2.333620e-07
	9.500000	2.314756e-07
	9.750000	2.044476e-07
	10.000000	1.980466e-07
	10.250000	2.009054e-07
	10.500000	2.140480e-07
	10.750000	2.279325e-07
	11.000000	2.426208e-07
	11.250000	2.581862e-07
	11.500000	2.747063e-07
	11.750000	2.922734e-07
	12.000000	2.318057e-06
	12.250000	9.318959e-07
	12.500000	6.617389e-07
	12.750000	5.937385e-07
	13.000000	5.785241e-07
	13.250000	5.894889e-07
	13.500000	6.149776e-07
	13.750000	6.477023e-07
	14.000000	6.551995e-07
	14.250000	5.872222e-06
	14.500000	2.058194e-08
	14.750000	0.000000e+00
	15.000000	0.000000e+00
	15.250000	0.000000e+00
	15.500000	0.000000e+00
	15.750000	0.000000e+00
	16.000000	0.000000e+00
	16.250000	0.000000e+00
	16.500000	0.000000e+00
	16.750000	8.222074e-06

#################################################################################################################################################

Energy 17 			# in MeV 
Multiplicity PromptGamma 0.225223
Differential_cross_section PromptGamma 71 	 # Secondary particule & Nbr of rows (Energies) 
# 	Energy(MeV)	Int.(b/MeV)
	0.250000	2.966272e-05
	0.500000	8.848696e-05
	0.750000	1.651067e-04
	1.000000	2.276554e-04
	1.250000	1.007294e-03
	1.500000	9.912053e-04
	1.750000	9.255832e-04
	2.000000	8.318968e-04
	2.250000	7.262192e-04
	2.500000	6.112835e-04
	2.750000	4.868180e-04
	3.000000	3.731835e-04
	3.250000	4.360991e-04
	3.500000	2.833121e-04
	3.750000	2.680885e-04
	4.000000	2.075870e-04
	4.250000	7.959815e-05
	4.500000	3.624010e-01
	4.750000	4.325254e-08
	5.000000	4.671980e-08
	5.250000	4.983299e-08
	5.500000	5.049799e-08
	5.750000	5.361821e-08
	6.000000	5.795221e-08
	6.250000	6.376689e-08
	6.500000	7.005008e-08
	6.750000	7.681960e-08
	7.000000	8.401988e-08
	7.250000	9.066908e-08
	7.500000	9.588232e-08
	7.750000	3.709871e-07
	8.000000	2.698817e-07
	8.250000	2.364465e-07
	8.500000	2.239589e-07
	8.750000	2.221257e-07
	9.000000	2.263567e-07
	9.250000	2.335953e-07
	9.500000	2.430252e-07
	9.750000	2.561912e-07
	10.000000	2.728931e-07
	10.250000	2.916919e-07
	10.500000	2.949985e-07
	10.750000	2.677274e-07
	11.000000	2.624941e-07
	11.250000	2.677182e-07
	11.500000	2.852372e-07
	11.750000	3.038843e-07
	12.000000	3.237622e-07
	12.250000	1.355123e-06
	12.500000	8.056438e-07
	12.750000	6.699769e-07
	13.000000	6.305135e-07
	13.250000	6.278381e-07
	13.500000	6.433426e-07
	13.750000	6.677930e-07
	14.000000	6.995763e-07
	14.250000	7.422371e-07
	14.500000	7.960334e-07
	14.750000	8.592615e-07
	15.000000	8.915141e-07
	15.250000	8.053476e-06
	15.500000	2.916494e-08
	15.750000	0.000000e+00
	16.000000	0.000000e+00
	16.250000	0.000000e+00
	16.500000	0.000000e+00
	16.750000	0.000000e+00
	17.000000	0.000000e+00
	17.250000	0.000000e+00
	17.500000	0.000000e+00
	17.750000	1.032329e-05

#################################################################################################################################################

Energy 18 			# in MeV 
Multiplicity PromptGamma 0.211404
Differential_cross_section PromptGamma 74 	 # Secondary particule & Nbr of rows (Energies) 
# 	Energy(MeV)	Int.(b/MeV)
	0.250000	2.944156e-05
	0.500000	8.879579e-05
	0.750000	1.655449e-04
	1.000000	2.259971e-04
	1.250000	8.625045e-04
	1.500000	8.743731e-04
	1.750000	8.436663e-04
	2.000000	7.836939e-04
	2.250000	7.085709e-04
	2.500000	6.262237e-04
	2.750000	5.447667e-04
	3.000000	4.690002e-04
	3.250000	4.787098e-04
	3.500000	3.255515e-04
	3.750000	2.507610e-04
	4.000000	1.985888e-04
	4.250000	1.673628e-04
	4.500000	3.511199e-01
	4.750000	1.541726e-04
	5.000000	8.889624e-05
	5.250000	4.740841e-05
	5.500000	1.541678e-07
	5.750000	5.883553e-08
	6.000000	6.469560e-08
	6.250000	6.761311e-08
	6.500000	7.168446e-08
	6.750000	7.615100e-08
	7.000000	8.189956e-08
	7.250000	8.918271e-08
	7.500000	9.697028e-08
	7.750000	3.799748e-07
	8.000000	2.635635e-07
	8.250000	2.302580e-07
	8.500000	2.186477e-07
	8.750000	2.158486e-07
	9.000000	2.181683e-07
	9.250000	2.237755e-07
	9.500000	2.318236e-07
	9.750000	2.424356e-07
	10.000000	2.551949e-07
	10.250000	2.695217e-07
	10.500000	2.850747e-07
	10.750000	3.034269e-07
	11.000000	3.246877e-07
	11.250000	3.481092e-07
	11.500000	3.388017e-07
	11.750000	3.375431e-07
	12.000000	1.546535e-06
	12.250000	8.075003e-07
	12.500000	6.474596e-07
	12.750000	6.045395e-07
	13.000000	5.985184e-07
	13.250000	6.087534e-07
	13.500000	6.273848e-07
	13.750000	6.536072e-07
	14.000000	6.879002e-07
	14.250000	7.296685e-07
	14.500000	7.785721e-07
	14.750000	8.342758e-07
	15.000000	9.008744e-07
	15.250000	9.795867e-07
	15.500000	1.069467e-06
	15.750000	1.068973e-06
	16.000000	1.085940e-06
	16.250000	1.085177e-05
	16.500000	0.000000e+00
	16.750000	0.000000e+00
	17.000000	0.000000e+00
	17.250000	0.000000e+00
	17.500000	0.000000e+00
	17.750000	0.000000e+00
	18.000000	0.000000e+00
	18.250000	0.000000e+00
	18.500000	1.244155e-05

#################################################################################################################################################

Energy 19 			# in MeV 
Multiplicity PromptGamma 0.205608
Differential_cross_section PromptGamma 78 	 # Secondary particule & Nbr of rows (Energies) 
# 	Energy(MeV)	Int.(b/MeV)
	0.250000	3.725431e-05
	0.500000	1.027323e-04
	0.750000	1.931922e-04
	1.000000	2.677096e-04
	1.250000	8.814977e-04
	1.500000	9.150153e-04
	1.750000	8.982614e-04
	2.000000	8.452837e-04
	2.250000	7.755153e-04
	2.500000	7.017434e-04
	2.750000	6.296072e-04
	3.000000	5.601798e-04
	3.250000	5.693340e-04
	3.500000	4.212653e-04
	3.750000	3.516288e-04
	4.000000	2.847214e-04
	4.250000	2.200160e-04
	4.500000	3.491358e-01
	4.750000	1.455882e-04
	5.000000	1.345904e-04
	5.250000	1.267934e-04
	5.500000	1.074563e-04
	5.750000	9.286615e-08
	6.000000	7.371382e-08
	6.250000	7.462610e-08
	6.500000	7.866003e-08
	6.750000	8.368606e-08
	7.000000	8.918190e-08
	7.250000	9.488191e-08
	7.500000	4.520445e-07
	7.750000	2.720755e-07
	8.000000	2.290692e-07
	8.250000	2.167104e-07
	8.500000	2.143703e-07
	8.750000	2.174083e-07
	9.000000	2.236105e-07
	9.250000	2.318079e-07
	9.500000	2.407426e-07
	9.750000	2.510239e-07
	10.000000	2.631076e-07
	10.250000	2.766436e-07
	10.500000	2.921040e-07
	10.750000	3.092693e-07
	11.000000	3.279665e-07
	11.250000	3.481159e-07
	11.500000	3.708196e-07
	11.750000	3.849522e-07
	12.000000	2.195925e-06
	12.250000	9.775503e-07
	12.500000	7.227412e-07
	12.750000	6.418424e-07
	13.000000	6.202371e-07
	13.250000	6.324714e-07
	13.500000	6.558291e-07
	13.750000	6.856335e-07
	14.000000	7.211179e-07
	14.250000	7.613003e-07
	14.500000	8.074530e-07
	14.750000	8.612162e-07
	15.000000	9.239134e-07
	15.250000	9.954771e-07
	15.500000	1.075946e-06
	15.750000	1.165356e-06
	16.000000	1.267424e-06
	16.250000	1.348368e-06
	16.500000	1.410059e-06
	16.750000	1.461134e-06
	17.000000	1.474312e-05
	17.250000	4.895707e-08
	17.500000	0.000000e+00
	17.750000	0.000000e+00
	18.000000	0.000000e+00
	18.250000	0.000000e+00
	18.500000	0.000000e+00
	18.750000	0.000000e+00
	19.000000	0.000000e+00
	19.250000	0.000000e+00
	19.500000	1.622233e-05

#################################################################################################################################################

Energy 20 			# in MeV 
Multiplicity PromptGamma 0.200541
Differential_cross_section PromptGamma 82 	 # Secondary particule & Nbr of rows (Energies) 
# 	Energy(MeV)	Int.(b/MeV)
	0.250000	2.477310e-05
	0.500000	7.715216e-05
	0.750000	1.557261e-04
	1.000000	2.290672e-04
	1.250000	8.139006e-04
	1.500000	8.586869e-04
	1.750000	8.659166e-04
	2.000000	8.967597e-04
	2.250000	7.955871e-04
	2.500000	7.350445e-04
	2.750000	6.664863e-04
	3.000000	5.938098e-04
	3.250000	5.916789e-04
	3.500000	4.462812e-04
	3.750000	3.728012e-04
	4.000000	2.977749e-04
	4.250000	2.195453e-04
	4.500000	3.445641e-01
	4.750000	1.729116e-04
	5.000000	1.577134e-04
	5.250000	1.452795e-04
	5.500000	1.530418e-07
	5.750000	8.847897e-08
	6.000000	8.428085e-08
	6.250000	8.592923e-08
	6.500000	8.903258e-08
	6.750000	9.372861e-08
	7.000000	9.873682e-08
	7.250000	1.042819e-07
	7.500000	1.106856e-07
	7.750000	2.994146e-07
	8.000000	2.384945e-07
	8.250000	2.211307e-07
	8.500000	2.168396e-07
	8.750000	2.199005e-07
	9.000000	2.283259e-07
	9.250000	2.391286e-07
	9.500000	2.512657e-07
	9.750000	2.641201e-07
	10.000000	2.779862e-07
	10.250000	2.930400e-07
	10.500000	3.082565e-07
	10.750000	3.240302e-07
	11.000000	3.414886e-07
	11.250000	3.606291e-07
	11.500000	3.821849e-07
	11.750000	4.044092e-07
	12.000000	4.271942e-07
	12.250000	1.197177e-06
	12.500000	8.226447e-07
	12.750000	7.380128e-07
	13.000000	7.108307e-07
	13.250000	7.037761e-07
	13.500000	7.119848e-07
	13.750000	7.208259e-07
	14.000000	7.443829e-07
	14.250000	7.910628e-07
	14.500000	8.449831e-07
	14.750000	9.062358e-07
	15.000000	9.740053e-07
	15.250000	1.046913e-06
	15.500000	1.126410e-06
	15.750000	1.215360e-06
	16.000000	1.315922e-06
	16.250000	1.425540e-06
	16.500000	1.542074e-06
	16.750000	1.660748e-06
	17.000000	1.796323e-06
	17.250000	1.905455e-06
	17.500000	1.961992e-06
	17.750000	1.998429e-06
	18.000000	1.980627e-05
	18.250000	5.294297e-08
	18.500000	0.000000e+00
	18.750000	0.000000e+00
	19.000000	0.000000e+00
	19.250000	0.000000e+00
	19.500000	0.000000e+00
	19.750000	0.000000e+00
	20.000000	0.000000e+00
	20.250000	0.000000e+00
	20.500000	2.296490e-05

#################################################################################################################################################

Energy 23 			# in MeV 
Multiplicity PromptGamma 0.193249
Differential_cross_section PromptGamma 46 	 # Secondary particule & Nbr of rows (Energies) 
# 	Energy(MeV)	Int.(b/MeV)
	0.500000	6.738355e-05
	1.000000	1.789197e-04
	1.500000	6.118830e-04
	2.000000	2.032879e-02
	2.500000	5.976998e-04
	3.000000	5.506041e-04
	3.500000	4.310537e-04
	4.000000	3.174151e-04
	4.500000	1.442392e-01
	5.000000	1.693981e-04
	5.500000	1.606041e-04
	6.000000	1.149944e-07
	6.500000	1.160184e-07
	7.000000	1.295102e-07
	7.500000	1.440788e-07
	8.000000	2.715469e-07
	8.500000	2.330080e-07
	9.000000	2.376627e-07
	9.500000	2.530910e-07
	10.000000	2.752882e-07
	10.500000	3.052139e-07
	11.000000	3.340518e-07
	11.500000	3.757533e-07
	12.000000	9.072977e-07
	12.500000	6.404541e-07
	13.000000	6.644134e-07
	13.500000	7.360004e-07
	14.000000	8.330446e-07
	14.500000	9.571905e-07
	15.000000	1.113210e-06
	15.500000	1.327710e-06
	16.000000	1.579523e-06
	16.500000	1.718064e-06
	17.000000	1.904384e-06
	17.500000	2.147986e-06
	18.000000	2.358352e-06
	18.500000	2.585901e-06
	19.000000	2.897906e-06
	19.500000	3.377856e-06
	20.000000	4.014420e-06
	20.500000	4.724059e-06
	21.000000	2.610634e-05
	21.500000	0.000000e+00
	22.000000	0.000000e+00
	22.500000	0.000000e+00
	23.000000	2.720878e-05

#################################################################################################################################################

Energy 27 			# in MeV 
Multiplicity PromptGamma 0.228356
Differential_cross_section PromptGamma 54 	 # Secondary particule & Nbr of rows (Energies) 
# 	Energy(MeV)	Int.(b/MeV)
	0.500000	3.850186e-05
	1.000000	1.068351e-04
	1.500000	4.036669e-04
	2.000000	4.296041e-02
	2.500000	7.637780e-04
	3.000000	2.353901e-03
	3.500000	2.246973e-04
	4.000000	1.391116e-04
	4.500000	1.245887e-01
	5.000000	1.034766e-02
	5.500000	3.730220e-04
	6.000000	2.070970e-05
	6.500000	4.853883e-03
	7.000000	1.557151e-03
	7.500000	5.763592e-04
	8.000000	1.862688e-05
	8.500000	2.412609e-07
	9.000000	2.600237e-07
	9.500000	2.831133e-07
	10.000000	3.097529e-07
	10.500000	3.404352e-07
	11.000000	3.756651e-07
	11.500000	4.147614e-07
	12.000000	4.582006e-07
	12.500000	6.875847e-07
	13.000000	6.575723e-07
	13.500000	7.164290e-07
	14.000000	8.086417e-07
	14.500000	9.295052e-07
	15.000000	1.072406e-06
	15.500000	1.265973e-06
	16.000000	1.520991e-06
	16.500000	1.807331e-06
	17.000000	2.077696e-06
	17.500000	2.350326e-06
	18.000000	2.611237e-06
	18.500000	2.857045e-06
	19.000000	3.132186e-06
	19.500000	3.545925e-06
	20.000000	4.013232e-06
	20.500000	4.734854e-06
	21.000000	5.715132e-06
	21.500000	6.857259e-06
	22.000000	8.079765e-06
	22.500000	9.258140e-06
	23.000000	1.012604e-05
	23.500000	1.050246e-05
	24.000000	1.036953e-05
	24.500000	4.564688e-05
	25.000000	0.000000e+00
	25.500000	0.000000e+00
	26.000000	0.000000e+00
	26.500000	0.000000e+00
	27.000000	1.963958e-05

#################################################################################################################################################

Energy 30 			# in MeV 
Multiplicity PromptGamma 0.285800
Differential_cross_section PromptGamma 59 	 # Secondary particule & Nbr of rows (Energies) 
# 	Energy(MeV)	Int.(b/MeV)
	0.500000	3.399593e-04
	1.000000	6.322308e-04
	1.500000	3.573267e-04
	2.000000	5.659219e-02
	2.500000	1.779724e-03
	3.000000	3.678281e-03
	3.500000	2.692458e-04
	4.000000	4.527026e-04
	4.500000	1.235107e-01
	5.000000	1.691988e-02
	5.500000	2.747223e-03
	6.000000	8.666291e-04
	6.500000	1.025274e-02
	7.000000	5.491964e-03
	7.500000	3.373606e-03
	8.000000	7.858307e-04
	8.500000	2.871167e-04
	9.000000	3.991243e-04
	9.500000	2.877231e-07
	10.000000	3.165396e-07
	10.500000	3.520914e-07
	11.000000	3.921471e-07
	11.500000	4.356191e-07
	12.000000	8.117162e-07
	12.500000	6.296880e-07
	13.000000	6.661785e-07
	13.500000	7.372249e-07
	14.000000	8.297159e-07
	14.500000	9.441083e-07
	15.000000	1.099075e-06
	15.500000	1.292781e-06
	16.000000	1.523737e-06
	16.500000	1.776995e-06
	17.000000	2.044838e-06
	17.500000	2.290837e-06
	18.000000	2.504379e-06
	18.500000	2.722421e-06
	19.000000	2.977178e-06
	19.500000	3.386230e-06
	20.000000	3.960717e-06
	20.500000	4.735386e-06
	21.000000	5.684647e-06
	21.500000	6.781597e-06
	22.000000	7.939375e-06
	22.500000	8.963568e-06
	23.000000	9.682446e-06
	23.500000	9.975488e-06
	24.000000	9.784638e-06
	24.500000	9.269078e-06
	25.000000	8.635012e-06
	25.500000	8.011353e-06
	26.000000	7.401901e-06
	26.500000	6.769439e-06
	27.000000	6.089543e-06
	27.500000	2.723978e-05
	28.000000	0.000000e+00
	28.500000	0.000000e+00
	29.000000	0.000000e+00
	29.500000	9.160465e-06

#################################################################################################################################################

Energy 35 			# in MeV 
Multiplicity PromptGamma 0.343557
Differential_cross_section PromptGamma 68 	 # Secondary particule & Nbr of rows (Energies) 
# 	Energy(MeV)	Int.(b/MeV)
	0.500000	4.000576e-03
	1.000000	2.055615e-03
	1.500000	5.921953e-04
	2.000000	6.446997e-02
	2.500000	2.746800e-03
	3.000000	4.859602e-03
	3.500000	3.975715e-04
	4.000000	7.319172e-04
	4.500000	1.130286e-01
	5.000000	2.156191e-02
	5.500000	4.838576e-03
	6.000000	1.827145e-03
	6.500000	1.655556e-02
	7.000000	9.703431e-03
	7.500000	5.826570e-03
	8.000000	1.650412e-03
	8.500000	9.002726e-04
	9.000000	1.446538e-03
	9.500000	3.160520e-07
	10.000000	3.097784e-07
	10.500000	3.377273e-07
	11.000000	3.747560e-07
	11.500000	4.193484e-07
	12.000000	4.675054e-07
	12.500000	6.913932e-07
	13.000000	6.550382e-07
	13.500000	7.199923e-07
	14.000000	8.122696e-07
	14.500000	9.265498e-07
	15.000000	1.070798e-06
	15.500000	1.250560e-06
	16.000000	1.469068e-06
	16.500000	1.726383e-06
	17.000000	1.988717e-06
	17.500000	2.246512e-06
	18.000000	2.487649e-06
	18.500000	2.705883e-06
	19.000000	2.958516e-06
	19.500000	3.316904e-06
	20.000000	3.843640e-06
	20.500000	4.564955e-06
	21.000000	5.476141e-06
	21.500000	6.524932e-06
	22.000000	7.642035e-06
	22.500000	8.679017e-06
	23.000000	9.397470e-06
	23.500000	9.633977e-06
	24.000000	9.392712e-06
	24.500000	8.856092e-06
	25.000000	8.214562e-06
	25.500000	7.569377e-06
	26.000000	6.954755e-06
	26.500000	6.333317e-06
	27.000000	5.664841e-06
	27.500000	4.974153e-06
	28.000000	4.326823e-06
	28.500000	3.749784e-06
	29.000000	3.251840e-06
	29.500000	2.832837e-06
	30.000000	2.484553e-06
	30.500000	2.196470e-06
	31.000000	1.957987e-06
	31.500000	1.757413e-06
	32.000000	7.866448e-06
	32.500000	0.000000e+00
	33.000000	0.000000e+00
	33.500000	0.000000e+00
	34.000000	2.978231e-06

#################################################################################################################################################

Energy 40 			# in MeV 
Multiplicity PromptGamma 0.371888
Differential_cross_section PromptGamma 78 	 # Secondary particule & Nbr of rows (Energies) 
# 	Energy(MeV)	Int.(b/MeV)
	0.500000	9.716766e-03
	1.000000	4.295710e-03
	1.500000	1.421000e-03
	2.000000	6.683429e-02
	2.500000	2.743164e-03
	3.000000	6.207138e-03
	3.500000	6.862762e-04
	4.000000	8.040103e-04
	4.500000	1.012887e-01
	5.000000	2.205185e-02
	5.500000	5.655426e-03
	6.000000	1.956458e-03
	6.500000	1.776730e-02
	7.000000	1.100804e-02
	7.500000	6.150785e-03
	8.000000	1.777245e-03
	8.500000	9.769511e-04
	9.000000	1.581610e-03
	9.500000	3.225715e-07
	10.000000	3.315810e-07
	10.500000	3.641040e-07
	11.000000	4.038519e-07
	11.500000	4.551310e-07
	12.000000	5.064938e-07
	12.500000	6.102873e-07
	13.000000	6.334160e-07
	13.500000	7.077914e-07
	14.000000	8.048716e-07
	14.500000	9.220619e-07
	15.000000	1.070277e-06
	15.500000	1.255221e-06
	16.000000	1.482891e-06
	16.500000	1.745497e-06
	17.000000	2.017916e-06
	17.500000	2.345063e-06
	18.000000	2.575998e-06
	18.500000	2.800535e-06
	19.000000	3.055567e-06
	19.500000	3.423401e-06
	20.000000	3.949746e-06
	20.500000	4.728356e-06
	21.000000	5.600612e-06
	21.500000	6.628328e-06
	22.000000	7.710607e-06
	22.500000	8.678561e-06
	23.000000	9.313603e-06
	23.500000	9.477082e-06
	24.000000	9.189786e-06
	24.500000	8.627466e-06
	25.000000	7.968204e-06
	25.500000	7.319001e-06
	26.000000	6.703087e-06
	26.500000	6.079168e-06
	27.000000	5.419394e-06
	27.500000	4.755854e-06
	28.000000	4.128655e-06
	28.500000	3.564619e-06
	29.000000	3.079556e-06
	29.500000	2.671683e-06
	30.000000	2.333089e-06
	30.500000	2.052529e-06
	31.000000	1.819771e-06
	31.500000	1.625486e-06
	32.000000	1.460145e-06
	32.500000	1.320939e-06
	33.000000	1.203255e-06
	33.500000	1.102159e-06
	34.000000	1.014824e-06
	34.500000	9.390536e-07
	35.000000	8.729184e-07
	35.500000	8.149138e-07
	36.000000	7.637521e-07
	36.500000	3.440465e-06
	37.000000	0.000000e+00
	37.500000	0.000000e+00
	38.000000	0.000000e+00
	38.500000	0.000000e+00
	39.000000	1.461805e-06

#################################################################################################################################################

Energy 50 			# in MeV 
Multiplicity PromptGamma 0.401117
Differential_cross_section PromptGamma 96 	 # Secondary particule & Nbr of rows (Energies) 
# 	Energy(MeV)	Int.(b/MeV)
	0.500000	1.551087e-02
	1.000000	6.570661e-03
	1.500000	2.445982e-03
	2.000000	6.494566e-02
	2.500000	2.710386e-03
	3.000000	7.980734e-03
	3.500000	1.543114e-03
	4.000000	8.749177e-04
	4.500000	8.438621e-02
	5.000000	2.154872e-02
	5.500000	6.066342e-03
	6.000000	2.175642e-03
	6.500000	1.758545e-02
	7.000000	1.130562e-02
	7.500000	6.332335e-03
	8.000000	1.931921e-03
	8.500000	1.072905e-03
	9.000000	1.667183e-03
	9.500000	3.103397e-07
	10.000000	3.316119e-07
	10.500000	3.671602e-07
	11.000000	4.089397e-07
	11.500000	4.647245e-07
	12.000000	6.650311e-07
	12.500000	6.256150e-07
	13.000000	6.930086e-07
	13.500000	7.870937e-07
	14.000000	9.035227e-07
	14.500000	1.044061e-06
	15.000000	1.225146e-06
	15.500000	1.452720e-06
	16.000000	1.726895e-06
	16.500000	2.034242e-06
	17.000000	2.345085e-06
	17.500000	2.612494e-06
	18.000000	2.905078e-06
	18.500000	3.105032e-06
	19.000000	3.364577e-06
	19.500000	3.771479e-06
	20.000000	4.348553e-06
	20.500000	5.133767e-06
	21.000000	6.178312e-06
	21.500000	7.291156e-06
	22.000000	7.899218e-06
	22.500000	8.852006e-06
	23.000000	9.440266e-06
	23.500000	9.532708e-06
	24.000000	9.184150e-06
	24.500000	8.582371e-06
	25.000000	7.889465e-06
	25.500000	7.223647e-06
	26.000000	6.583432e-06
	26.500000	5.934428e-06
	27.000000	5.265998e-06
	27.500000	4.594406e-06
	28.000000	3.963596e-06
	28.500000	3.402719e-06
	29.000000	2.923338e-06
	29.500000	2.522478e-06
	30.000000	2.189878e-06
	30.500000	1.914872e-06
	31.000000	1.686703e-06
	31.500000	1.496328e-06
	32.000000	1.336488e-06
	32.500000	1.201510e-06
	33.000000	1.086729e-06
	33.500000	9.883608e-07
	34.000000	9.034958e-07
	34.500000	8.297908e-07
	35.000000	7.654799e-07
	35.500000	7.090773e-07
	36.000000	6.592314e-07
	36.500000	6.151022e-07
	37.000000	5.758562e-07
	37.500000	5.407165e-07
	38.000000	5.091123e-07
	38.500000	4.806365e-07
	39.000000	4.548936e-07
	39.500000	4.315422e-07
	40.000000	4.103369e-07
	40.500000	3.909793e-07
	41.000000	3.731997e-07
	41.500000	3.569622e-07
	42.000000	3.421100e-07
	42.500000	3.284462e-07
	43.000000	3.158634e-07
	43.500000	3.042587e-07
	44.000000	2.935395e-07
	44.500000	2.836336e-07
	45.000000	2.744498e-07
	45.500000	1.247290e-06
	46.000000	0.000000e+00
	46.500000	0.000000e+00
	47.000000	0.000000e+00
	47.500000	0.000000e+00
	48.000000	5.799879e-07

#################################################################################################################################################

Energy 60 			# in MeV 
Multiplicity PromptGamma 0.399704
Differential_cross_section PromptGamma 115 	 # Secondary particule & Nbr of rows (Energies) 
# 	Energy(MeV)	Int.(b/MeV)
	0.500000	1.838294e-02
	1.000000	7.490872e-03
	1.500000	2.948675e-03
	2.000000	5.740218e-02
	2.500000	2.463284e-03
	3.000000	8.502189e-03
	3.500000	2.456445e-03
	4.000000	8.073139e-04
	4.500000	6.855944e-02
	5.000000	1.881515e-02
	5.500000	5.601008e-03
	6.000000	2.039690e-03
	6.500000	1.565740e-02
	7.000000	1.015501e-02
	7.500000	5.624337e-03
	8.000000	1.754273e-03
	8.500000	9.883394e-04
	9.000000	1.500275e-03
	9.500000	1.586511e-06
	10.000000	1.328646e-06
	10.500000	1.141958e-06
	11.000000	1.003444e-06
	11.500000	9.144859e-07
	12.000000	8.526951e-07
	12.500000	8.725277e-07
	13.000000	8.523442e-07
	13.500000	8.848406e-07
	14.000000	9.541814e-07
	14.500000	1.059973e-06
	15.000000	1.210286e-06
	15.500000	1.412526e-06
	16.000000	1.668910e-06
	16.500000	1.969596e-06
	17.000000	2.272752e-06
	17.500000	2.628158e-06
	18.000000	2.846847e-06
	18.500000	3.062075e-06
	19.000000	3.337380e-06
	19.500000	3.738689e-06
	20.000000	4.308602e-06
	20.500000	5.187051e-06
	21.000000	6.153797e-06
	21.500000	7.294796e-06
	22.000000	8.480548e-06
	22.500000	9.490272e-06
	23.000000	1.007430e-05
	23.500000	1.011714e-05
	24.000000	9.693661e-06
	24.500000	9.021265e-06
	25.000000	8.281892e-06
	25.500000	7.570983e-06
	26.000000	6.881892e-06
	26.500000	6.189218e-06
	27.000000	5.464756e-06
	27.500000	4.757012e-06
	28.000000	4.085632e-06
	28.500000	3.493949e-06
	29.000000	2.990878e-06
	29.500000	2.574097e-06
	30.000000	2.226250e-06
	30.500000	1.938933e-06
	31.000000	1.632218e-06
	31.500000	1.444522e-06
	32.000000	1.286816e-06
	32.500000	1.153369e-06
	33.000000	1.039695e-06
	33.500000	9.422048e-07
	34.000000	8.580280e-07
	34.500000	7.849102e-07
	35.000000	7.210525e-07
	35.500000	6.649786e-07
	36.000000	6.154837e-07
	36.500000	5.715868e-07
	37.000000	5.324882e-07
	37.500000	4.975200e-07
	38.000000	4.661305e-07
	38.500000	4.378514e-07
	39.000000	4.122949e-07
	39.500000	3.891283e-07
	40.000000	3.680703e-07
	40.500000	3.488738e-07
	41.000000	3.313310e-07
	41.500000	3.152718e-07
	42.000000	3.005470e-07
	42.500000	2.870123e-07
	43.000000	2.745379e-07
	43.500000	2.630225e-07
	44.000000	2.523742e-07
	44.500000	2.425063e-07
	45.000000	2.333454e-07
	45.500000	2.248277e-07
	46.000000	2.168960e-07
	46.500000	2.094938e-07
	47.000000	2.025748e-07
	47.500000	1.961022e-07
	48.000000	1.900405e-07
	48.500000	1.843519e-07
	49.000000	1.790119e-07
	49.500000	1.739972e-07
	50.000000	1.692736e-07
	50.500000	1.648228e-07
	51.000000	1.606362e-07
	51.500000	1.566929e-07
	52.000000	1.529747e-07
	52.500000	1.494644e-07
	53.000000	1.461498e-07
	53.500000	1.430199e-07
	54.000000	1.400625e-07
	54.500000	1.372641e-07
	55.000000	6.395652e-07
	55.500000	0.000000e+00
	56.000000	0.000000e+00
	56.500000	0.000000e+00
	57.000000	0.000000e+00
	57.500000	3.014961e-07

#################################################################################################################################################

Energy 70 			# in MeV 
Multiplicity PromptGamma 0.384794
Differential_cross_section PromptGamma 133 	 # Secondary particule & Nbr of rows (Energies) 
# 	Energy(MeV)	Int.(b/MeV)
	0.500000	1.789851e-02
	1.000000	7.290429e-03
	1.500000	2.983919e-03
	2.000000	4.977120e-02
	2.500000	2.194503e-03
	3.000000	8.252468e-03
	3.500000	3.044843e-03
	4.000000	7.492417e-04
	4.500000	5.722213e-02
	5.000000	1.611714e-02
	5.500000	4.973449e-03
	6.000000	1.826344e-03
	6.500000	1.351795e-02
	7.000000	8.775568e-03
	7.500000	4.843684e-03
	8.000000	1.518821e-03
	8.500000	8.445306e-04
	9.000000	1.264253e-03
	9.500000	7.309054e-06
	10.000000	6.411817e-06
	10.500000	5.649890e-06
	11.000000	4.997582e-06
	11.500000	4.448135e-06
	12.000000	3.974755e-06
	12.500000	3.601231e-06
	13.000000	3.265238e-06
	13.500000	3.001300e-06
	14.000000	2.801460e-06
	14.500000	2.663219e-06
	15.000000	2.595240e-06
	15.500000	2.600301e-06
	16.000000	2.679882e-06
	16.500000	2.818036e-06
	17.000000	2.980842e-06
	17.500000	3.122575e-06
	18.000000	3.304012e-06
	18.500000	3.418129e-06
	19.000000	3.606259e-06
	19.500000	3.940652e-06
	20.000000	4.450308e-06
	20.500000	5.265790e-06
	21.000000	6.186751e-06
	21.500000	7.288639e-06
	22.000000	8.441380e-06
	22.500000	9.417247e-06
	23.000000	9.972621e-06
	23.500000	9.991823e-06
	24.000000	9.570106e-06
	24.500000	8.904055e-06
	25.000000	8.171398e-06
	25.500000	7.484382e-06
	26.000000	6.810394e-06
	26.500000	6.138018e-06
	27.000000	5.436069e-06
	27.500000	4.719533e-06
	28.000000	4.059181e-06
	28.500000	3.473220e-06
	29.000000	2.975123e-06
	29.500000	2.564456e-06
	30.000000	2.219002e-06
	30.500000	1.933179e-06
	31.000000	1.695743e-06
	31.500000	1.497309e-06
	32.000000	1.330361e-06
	32.500000	1.189007e-06
	33.000000	1.068530e-06
	33.500000	9.651353e-07
	34.000000	8.758278e-07
	34.500000	7.982198e-07
	35.000000	7.304102e-07
	35.500000	6.708463e-07
	36.000000	6.182729e-07
	36.500000	5.716453e-07
	37.000000	5.301246e-07
	37.500000	4.930056e-07
	38.000000	4.597102e-07
	38.500000	4.297461e-07
	39.000000	4.026938e-07
	39.500000	3.781965e-07
	40.000000	3.559526e-07
	40.500000	3.274245e-07
	41.000000	3.099436e-07
	41.500000	2.939332e-07
	42.000000	2.792334e-07
	42.500000	2.657067e-07
	43.000000	2.532375e-07
	43.500000	2.417209e-07
	44.000000	2.310650e-07
	44.500000	2.211898e-07
	45.000000	2.120206e-07
	45.500000	2.034916e-07
	46.000000	1.955507e-07
	46.500000	1.881408e-07
	47.000000	1.812196e-07
	47.500000	1.747471e-07
	48.000000	1.686823e-07
	48.500000	1.629959e-07
	49.000000	1.576576e-07
	49.500000	1.526384e-07
	50.000000	1.479154e-07
	50.500000	1.434682e-07
	51.000000	1.392750e-07
	51.500000	1.353197e-07
	52.000000	1.315829e-07
	52.500000	1.280493e-07
	53.000000	1.247060e-07
	53.500000	1.215379e-07
	54.000000	1.185341e-07
	54.500000	1.156850e-07
	55.000000	1.129786e-07
	55.500000	1.104073e-07
	56.000000	1.079611e-07
	56.500000	1.056336e-07
	57.000000	1.034165e-07
	57.500000	1.013038e-07
	58.000000	9.928969e-08
	58.500000	9.736903e-08
	59.000000	9.553586e-08
	59.500000	9.378635e-08
	60.000000	9.211590e-08
	60.500000	9.052167e-08
	61.000000	8.899871e-08
	61.500000	8.754386e-08
	62.000000	8.615368e-08
	62.500000	8.482544e-08
	63.000000	8.355603e-08
	63.500000	8.234263e-08
	64.000000	3.826914e-07
	64.500000	0.000000e+00
	65.000000	0.000000e+00
	65.500000	0.000000e+00
	66.000000	0.000000e+00
	66.500000	1.838579e-07

#################################################################################################################################################

Energy 80 			# in MeV 
Multiplicity PromptGamma 0.369483
Differential_cross_section PromptGamma 151 	 # Secondary particule & Nbr of rows (Energies) 
# 	Energy(MeV)	Int.(b/MeV)
	0.500000	1.661099e-02
	1.000000	6.743795e-03
	1.500000	2.797627e-03
	2.000000	4.338797e-02
	2.500000	1.940506e-03
	3.000000	7.604140e-03
	3.500000	3.325853e-03
	4.000000	6.946728e-04
	4.500000	4.721859e-02
	5.000000	1.391567e-02
	5.500000	4.416643e-03
	6.000000	1.618090e-03
	6.500000	1.172151e-02
	7.000000	7.591200e-03
	7.500000	4.160230e-03
	8.000000	1.317642e-03
	8.500000	7.262354e-04
	9.000000	1.055903e-03
	9.500000	1.451124e-05
	10.000000	1.301685e-05
	10.500000	1.172564e-05
	11.000000	1.059967e-05
	11.500000	9.622390e-06
	12.000000	8.761889e-06
	12.500000	8.043979e-06
	13.000000	7.376371e-06
	13.500000	6.815192e-06
	14.000000	6.342056e-06
	14.500000	5.951049e-06
	15.000000	5.643461e-06
	15.500000	5.422892e-06
	16.000000	5.287906e-06
	16.500000	5.228260e-06
	17.000000	5.205388e-06
	17.500000	5.180842e-06
	18.000000	5.206911e-06
	18.500000	5.186774e-06
	19.000000	5.243327e-06
	19.500000	5.435132e-06
	20.000000	5.803134e-06
	20.500000	6.406461e-06
	21.000000	7.285141e-06
	21.500000	8.263705e-06
	22.000000	9.283265e-06
	22.500000	1.011784e-05
	23.000000	1.052050e-05
	23.500000	1.040009e-05
	24.000000	9.857251e-06
	24.500000	9.114048e-06
	25.000000	8.335213e-06
	25.500000	7.597952e-06
	26.000000	6.876135e-06
	26.500000	6.179583e-06
	27.000000	5.442387e-06
	27.500000	4.708161e-06
	28.000000	4.030223e-06
	28.500000	3.439657e-06
	29.000000	2.948974e-06
	29.500000	2.532827e-06
	30.000000	2.189399e-06
	30.500000	1.905731e-06
	31.000000	1.670387e-06
	31.500000	1.473901e-06
	32.000000	1.308713e-06
	32.500000	1.168884e-06
	33.000000	1.049732e-06
	33.500000	9.475590e-07
	34.000000	8.593598e-07
	34.500000	7.826891e-07
	35.000000	7.156323e-07
	35.500000	6.567061e-07
	36.000000	6.046867e-07
	36.500000	5.585289e-07
	37.000000	5.173664e-07
	37.500000	4.804971e-07
	38.000000	4.474009e-07
	38.500000	4.175992e-07
	39.000000	3.906484e-07
	39.500000	3.662107e-07
	40.000000	3.439893e-07
	40.500000	3.237438e-07
	41.000000	3.052557e-07
	41.500000	2.883567e-07
	42.000000	2.728197e-07
	42.500000	2.585361e-07
	43.000000	2.453912e-07
	43.500000	2.332642e-07
	44.000000	2.220613e-07
	44.500000	2.116916e-07
	45.000000	2.020721e-07
	45.500000	1.931402e-07
	46.000000	1.848345e-07
	46.500000	1.771019e-07
	47.000000	1.698943e-07
	47.500000	1.631644e-07
	48.000000	1.568753e-07
	48.500000	1.509891e-07
	49.000000	1.454756e-07
	49.500000	1.385045e-07
	50.000000	1.338499e-07
	50.500000	1.294752e-07
	51.000000	1.253408e-07
	51.500000	1.214390e-07
	52.000000	1.177549e-07
	52.500000	1.142703e-07
	53.000000	1.109729e-07
	53.500000	1.078534e-07
	54.000000	1.048928e-07
	54.500000	1.020826e-07
	55.000000	9.941528e-08
	55.500000	9.687938e-08
	56.000000	9.446730e-08
	56.500000	9.217110e-08
	57.000000	8.998386e-08
	57.500000	8.789859e-08
	58.000000	8.590950e-08
	58.500000	8.401076e-08
	59.000000	8.219685e-08
	59.500000	8.046344e-08
	60.000000	7.880579e-08
	60.500000	7.722013e-08
	61.000000	7.570218e-08
	61.500000	7.424838e-08
	62.000000	7.285510e-08
	62.500000	7.151933e-08
	63.000000	7.023806e-08
	63.500000	6.900851e-08
	64.000000	6.782796e-08
	64.500000	6.669413e-08
	65.000000	6.560459e-08
	65.500000	6.455731e-08
	66.000000	6.355005e-08
	66.500000	6.258138e-08
	67.000000	6.164960e-08
	67.500000	6.075281e-08
	68.000000	5.988999e-08
	68.500000	5.905941e-08
	69.000000	5.825987e-08
	69.500000	5.748992e-08
	70.000000	5.674902e-08
	70.500000	5.603565e-08
	71.000000	5.534884e-08
	71.500000	5.468767e-08
	72.000000	5.405129e-08
	72.500000	5.343865e-08
	73.000000	5.284899e-08
	73.500000	2.480388e-07
	74.000000	0.000000e+00
	74.500000	0.000000e+00
	75.000000	0.000000e+00
	75.500000	2.334193e-07

#################################################################################################################################################

Energy 90 			# in MeV 
Multiplicity PromptGamma 0.351990
Differential_cross_section PromptGamma 170 	 # Secondary particule & Nbr of rows (Energies) 
# 	Energy(MeV)	Int.(b/MeV)
	0.500000	1.507230e-02
	1.000000	6.145782e-03
	1.500000	2.579071e-03
	2.000000	3.841724e-02
	2.500000	1.745700e-03
	3.000000	6.976247e-03
	3.500000	3.260911e-03
	4.000000	6.754740e-04
	4.500000	3.915735e-02
	5.000000	1.226307e-02
	5.500000	3.982429e-03
	6.000000	1.459165e-03
	6.500000	1.038807e-02
	7.000000	6.720130e-03
	7.500000	3.675649e-03
	8.000000	1.169369e-03
	8.500000	6.388316e-04
	9.000000	9.081643e-04
	9.500000	2.461560e-05
	10.000000	2.223205e-05
	10.500000	2.015843e-05
	11.000000	1.834401e-05
	11.500000	1.675781e-05
	12.000000	1.535843e-05
	12.500000	1.414479e-05
	13.000000	1.306259e-05
	13.500000	1.212239e-05
	14.000000	1.130780e-05
	14.500000	1.060832e-05
	15.000000	1.002345e-05
	15.500000	9.550108e-06
	16.000000	9.185291e-06
	16.500000	8.913428e-06
	17.000000	8.700534e-06
	17.500000	8.566018e-06
	18.000000	8.376781e-06
	18.500000	8.225740e-06
	19.000000	8.161015e-06
	19.500000	8.247305e-06
	20.000000	8.529120e-06
	20.500000	9.142396e-06
	21.000000	9.919255e-06
	21.500000	1.087585e-05
	22.000000	1.185320e-05
	22.500000	1.258225e-05
	23.000000	1.281071e-05
	23.500000	1.245606e-05
	24.000000	1.167462e-05
	24.500000	1.070711e-05
	25.000000	9.731431e-06
	25.500000	8.827887e-06
	26.000000	7.928865e-06
	26.500000	7.013692e-06
	27.000000	6.142348e-06
	27.500000	5.246966e-06
	28.000000	4.454507e-06
	28.500000	3.769776e-06
	29.000000	3.199622e-06
	29.500000	2.738978e-06
	30.000000	2.353106e-06
	30.500000	2.036233e-06
	31.000000	1.774673e-06
	31.500000	1.557324e-06
	32.000000	1.375399e-06
	32.500000	1.222093e-06
	33.000000	1.092050e-06
	33.500000	9.808727e-07
	34.000000	8.854624e-07
	34.500000	8.028764e-07
	35.000000	7.309952e-07
	35.500000	6.681377e-07
	36.000000	6.129663e-07
	36.500000	5.642241e-07
	37.000000	5.208977e-07
	37.500000	4.822629e-07
	38.000000	4.477645e-07
	38.500000	4.167726e-07
	39.000000	3.888350e-07
	39.500000	3.635577e-07
	40.000000	3.406234e-07
	40.500000	3.198106e-07
	41.000000	3.008593e-07
	41.500000	2.835847e-07
	42.000000	2.677676e-07
	42.500000	2.532483e-07
	43.000000	2.399083e-07
	43.500000	2.276320e-07
	44.000000	2.162819e-07
	44.500000	2.057922e-07
	45.000000	1.960613e-07
	45.500000	1.870275e-07
	46.000000	1.786267e-07
	46.500000	1.708081e-07
	47.000000	1.635118e-07
	47.500000	1.566977e-07
	48.000000	1.503251e-07
	48.500000	1.443623e-07
	49.000000	1.387726e-07
	49.500000	1.335278e-07
	50.000000	1.286211e-07
	50.500000	1.239892e-07
	51.000000	1.196306e-07
	51.500000	1.155243e-07
	52.000000	1.116538e-07
	52.500000	1.079998e-07
	53.000000	1.045565e-07
	53.500000	1.012940e-07
	54.000000	9.820805e-08
	54.500000	9.528535e-08
	55.000000	9.251507e-08
	55.500000	8.988888e-08
	56.000000	8.739515e-08
	56.500000	8.502635e-08
	57.000000	8.277506e-08
	57.500000	8.063297e-08
	58.000000	7.859350e-08
	58.500000	7.665039e-08
	59.000000	7.438303e-08
	59.500000	7.266174e-08
	60.000000	7.101607e-08
	60.500000	6.944153e-08
	61.000000	6.793428e-08
	61.500000	6.649043e-08
	62.000000	6.510663e-08
	62.500000	6.377938e-08
	63.000000	6.250594e-08
	63.500000	6.128330e-08
	64.000000	6.010897e-08
	64.500000	5.898021e-08
	65.000000	5.789501e-08
	65.500000	5.685103e-08
	66.000000	5.584621e-08
	66.500000	5.487877e-08
	67.000000	5.394691e-08
	67.500000	5.304887e-08
	68.000000	5.218322e-08
	68.500000	5.134847e-08
	69.000000	5.054321e-08
	69.500000	4.976619e-08
	70.000000	4.901614e-08
	70.500000	4.829193e-08
	71.000000	4.759261e-08
	71.500000	4.691671e-08
	72.000000	4.626370e-08
	72.500000	4.563244e-08
	73.000000	4.502208e-08
	73.500000	4.443187e-08
	74.000000	4.386099e-08
	74.500000	4.330877e-08
	75.000000	4.277437e-08
	75.500000	4.225738e-08
	76.000000	4.175697e-08
	76.500000	4.127272e-08
	77.000000	4.080387e-08
	77.500000	4.035018e-08
	78.000000	3.991082e-08
	78.500000	3.948561e-08
	79.000000	3.907415e-08
	79.500000	3.867577e-08
	80.000000	3.829030e-08
	80.500000	3.791724e-08
	81.000000	3.755642e-08
	81.500000	3.720709e-08
	82.000000	3.686934e-08
	82.500000	1.725714e-07
	83.000000	0.000000e+00
	83.500000	0.000000e+00
	84.000000	0.000000e+00
	84.500000	0.000000e+00
	85.000000	8.380446e-08

#################################################################################################################################################

Energy 100 			# in MeV 
Multiplicity PromptGamma 0.339363
Differential_cross_section PromptGamma 188 	 # Secondary particule & Nbr of rows (Energies) 
# 	Energy(MeV)	Int.(b/MeV)
	0.500000	1.448671e-02
	1.000000	5.900510e-03
	1.500000	2.485456e-03
	2.000000	3.580289e-02
	2.500000	1.638242e-03
	3.000000	6.663270e-03
	3.500000	3.402564e-03
	4.000000	6.719338e-04
	4.500000	3.357771e-02
	5.000000	1.136628e-02
	5.500000	3.768594e-03
	6.000000	1.373978e-03
	6.500000	9.661269e-03
	7.000000	6.228134e-03
	7.500000	3.395741e-03
	8.000000	1.094874e-03
	8.500000	5.962735e-04
	9.000000	8.266630e-04
	9.500000	3.569690e-05
	10.000000	3.257828e-05
	10.500000	2.984361e-05
	11.000000	2.742725e-05
	11.500000	2.529021e-05
	12.000000	2.338944e-05
	12.500000	2.172841e-05
	13.000000	2.022145e-05
	13.500000	1.889952e-05
	14.000000	1.773675e-05
	14.500000	1.671896e-05
	15.000000	1.583914e-05
	15.500000	1.509521e-05
	16.000000	1.448078e-05
	16.500000	1.398352e-05
	17.000000	1.356560e-05
	17.500000	1.319306e-05
	18.000000	1.290618e-05
	18.500000	1.262307e-05
	19.000000	1.245629e-05
	19.500000	1.247717e-05
	20.000000	1.273578e-05
	20.500000	1.335861e-05
	21.000000	1.431330e-05
	21.500000	1.539750e-05
	22.000000	1.645673e-05
	22.500000	1.715983e-05
	23.000000	1.719018e-05
	23.500000	1.650272e-05
	24.000000	1.533148e-05
	24.500000	1.401071e-05
	25.000000	1.272738e-05
	25.500000	1.150606e-05
	26.000000	1.026395e-05
	26.500000	9.041782e-06
	27.000000	7.779867e-06
	27.500000	6.593932e-06
	28.000000	5.548810e-06
	28.500000	4.668922e-06
	29.000000	3.953550e-06
	29.500000	3.359153e-06
	30.000000	2.874547e-06
	30.500000	2.477739e-06
	31.000000	2.150763e-06
	31.500000	1.879398e-06
	32.000000	1.652506e-06
	32.500000	1.461443e-06
	33.000000	1.299461e-06
	33.500000	1.161353e-06
	34.000000	1.042942e-06
	34.500000	9.406853e-07
	35.000000	8.518327e-07
	35.500000	7.743275e-07
	36.000000	7.064841e-07
	36.500000	6.468558e-07
	37.000000	5.940959e-07
	37.500000	5.471390e-07
	38.000000	5.052735e-07
	38.500000	4.677403e-07
	39.000000	4.338009e-07
	39.500000	4.029553e-07
	40.000000	3.748374e-07
	40.500000	3.492817e-07
	41.000000	3.261187e-07
	41.500000	3.052653e-07
	42.000000	2.862006e-07
	42.500000	2.689008e-07
	43.000000	2.532064e-07
	43.500000	2.389040e-07
	44.000000	2.258543e-07
	44.500000	2.138768e-07
	45.000000	2.028592e-07
	45.500000	1.927114e-07
	46.000000	1.833470e-07
	46.500000	1.746890e-07
	47.000000	1.666789e-07
	47.500000	1.592296e-07
	48.000000	1.523056e-07
	48.500000	1.458585e-07
	49.000000	1.398413e-07
	49.500000	1.342185e-07
	50.000000	1.289570e-07
	50.500000	1.240499e-07
	51.000000	1.194208e-07
	51.500000	1.150714e-07
	52.000000	1.109785e-07
	52.500000	1.071229e-07
	53.000000	1.034868e-07
	53.500000	1.000619e-07
	54.000000	9.681559e-08
	54.500000	9.374497e-08
	55.000000	9.083766e-08
	55.500000	8.808133e-08
	56.000000	8.546676e-08
	56.500000	8.298391e-08
	57.000000	8.062510e-08
	57.500000	7.838183e-08
	58.000000	7.624772e-08
	58.500000	7.421515e-08
	59.000000	7.227832e-08
	59.500000	7.043156e-08
	60.000000	6.866929e-08
	60.500000	6.698678e-08
	61.000000	6.537935e-08
	61.500000	6.384258e-08
	62.000000	6.237237e-08
	62.500000	6.096500e-08
	63.000000	5.961720e-08
	63.500000	5.832547e-08
	64.000000	5.708682e-08
	64.500000	5.589840e-08
	65.000000	5.475766e-08
	65.500000	5.366198e-08
	66.000000	5.260907e-08
	66.500000	5.159667e-08
	67.000000	5.062279e-08
	67.500000	4.968543e-08
	68.000000	4.866039e-08
	68.500000	4.780445e-08
	69.000000	4.697872e-08
	69.500000	4.618179e-08
	70.000000	4.541236e-08
	70.500000	4.466920e-08
	71.000000	4.395092e-08
	71.500000	4.325675e-08
	72.000000	4.258547e-08
	72.500000	4.193614e-08
	73.000000	4.130777e-08
	73.500000	4.069957e-08
	74.000000	4.011072e-08
	74.500000	3.954042e-08
	75.000000	3.898778e-08
	75.500000	3.845238e-08
	76.000000	3.793339e-08
	76.500000	3.743012e-08
	77.000000	3.694210e-08
	77.500000	3.646879e-08
	78.000000	3.600951e-08
	78.500000	3.556387e-08
	79.000000	3.513139e-08
	79.500000	3.471155e-08
	80.000000	3.430395e-08
	80.500000	3.390807e-08
	81.000000	3.352374e-08
	81.500000	3.315043e-08
	82.000000	3.278767e-08
	82.500000	3.243531e-08
	83.000000	3.209296e-08
	83.500000	3.176033e-08
	84.000000	3.143701e-08
	84.500000	3.112285e-08
	85.000000	3.081757e-08
	85.500000	3.052075e-08
	86.000000	3.023233e-08
	86.500000	2.995208e-08
	87.000000	2.967968e-08
	87.500000	2.941491e-08
	88.000000	2.915761e-08
	88.500000	2.890763e-08
	89.000000	2.866474e-08
	89.500000	2.842878e-08
	90.000000	2.819968e-08
	90.500000	2.797712e-08
	91.000000	2.776096e-08
	91.500000	2.755112e-08
	92.000000	1.296965e-07
	92.500000	0.000000e+00
	93.000000	0.000000e+00
	93.500000	0.000000e+00
	94.000000	1.374902e-07

#################################################################################################################################################

Energy 110 			# in MeV 
Multiplicity PromptGamma 0.332472
Differential_cross_section PromptGamma 103 	 # Secondary particule & Nbr of rows (Energies) 
# 	Energy(MeV)	Int.(b/MeV)
	1.000000	1.204631e-02
	2.000000	1.732562e-02
	3.000000	4.254818e-03
	4.000000	1.756745e-02
	5.000000	5.598315e-03
	6.000000	6.493989e-03
	7.000000	4.130910e-03
	8.000000	1.547888e-03
	9.000000	6.755378e-04
	10.000000	4.688024e-05
	11.000000	3.994033e-05
	12.000000	3.449173e-05
	13.000000	3.015156e-05
	14.000000	2.673043e-05
	15.000000	2.407469e-05
	16.000000	2.210305e-05
	17.000000	2.070229e-05
	18.000000	1.968098e-05
	19.000000	1.901527e-05
	20.000000	1.938717e-05
	21.000000	2.146804e-05
	22.000000	2.425260e-05
	23.000000	2.482124e-05
	24.000000	2.185084e-05
	25.000000	1.808362e-05
	26.000000	1.457062e-05
	27.000000	1.086287e-05
	28.000000	7.666591e-06
	29.000000	5.396618e-06
	30.000000	3.903908e-06
	31.000000	2.902043e-06
	32.000000	2.215148e-06
	33.000000	1.730059e-06
	34.000000	1.378083e-06
	35.000000	1.116951e-06
	36.000000	9.194022e-07
	37.000000	7.675712e-07
	38.000000	6.485768e-07
	39.000000	5.523984e-07
	40.000000	4.712304e-07
	41.000000	4.025112e-07
	42.000000	3.460185e-07
	43.000000	3.001200e-07
	44.000000	2.627948e-07
	45.000000	2.320282e-07
	46.000000	2.063963e-07
	47.000000	1.848727e-07
	48.000000	1.666291e-07
	49.000000	1.510589e-07
	50.000000	1.376949e-07
	51.000000	1.261819e-07
	52.000000	1.161609e-07
	53.000000	1.074133e-07
	54.000000	9.974682e-08
	55.000000	9.297546e-08
	56.000000	8.697312e-08
	57.000000	8.162633e-08
	58.000000	7.684017e-08
	59.000000	7.253606e-08
	60.000000	6.864900e-08
	61.000000	6.512414e-08
	62.000000	6.191561e-08
	63.000000	5.898511e-08
	64.000000	5.630016e-08
	65.000000	5.383337e-08
	66.000000	5.156109e-08
	67.000000	4.946346e-08
	68.000000	4.752290e-08
	69.000000	4.572413e-08
	70.000000	4.405342e-08
	71.000000	4.249907e-08
	72.000000	4.105040e-08
	73.000000	3.969775e-08
	74.000000	3.843292e-08
	75.000000	3.724840e-08
	76.000000	3.613751e-08
	77.000000	3.505466e-08
	78.000000	3.408192e-08
	79.000000	3.316519e-08
	80.000000	3.230014e-08
	81.000000	3.148321e-08
	82.000000	3.071108e-08
	83.000000	2.998048e-08
	84.000000	2.928895e-08
	85.000000	2.863362e-08
	86.000000	2.801255e-08
	87.000000	2.742329e-08
	88.000000	2.686414e-08
	89.000000	2.633339e-08
	90.000000	2.582912e-08
	91.000000	2.535013e-08
	92.000000	2.489503e-08
	93.000000	2.446246e-08
	94.000000	2.405133e-08
	95.000000	2.366052e-08
	96.000000	2.328921e-08
	97.000000	2.293629e-08
	98.000000	2.260110e-08
	99.000000	2.228296e-08
	100.000000	2.198092e-08
	101.000000	5.127803e-08
	102.000000	0.000000e+00
	103.000000	1.113102e-07

#################################################################################################################################################

Energy 120 			# in MeV 
Multiplicity PromptGamma 0.321055
Differential_cross_section PromptGamma 113 	 # Secondary particule & Nbr of rows (Energies) 
# 	Energy(MeV)	Int.(b/MeV)
	1.000000	1.152481e-02
	2.000000	1.663937e-02
	3.000000	4.147524e-03
	4.000000	1.661082e-02
	5.000000	5.408090e-03
	6.000000	6.275328e-03
	7.000000	3.960027e-03
	8.000000	1.516949e-03
	9.000000	6.600387e-04
	10.000000	6.494530e-05
	11.000000	5.596103e-05
	12.000000	4.883489e-05
	13.000000	4.318140e-05
	14.000000	3.867972e-05
	15.000000	3.514608e-05
	16.000000	3.248006e-05
	17.000000	3.054297e-05
	18.000000	2.917850e-05
	19.000000	2.839220e-05
	20.000000	2.883638e-05
	21.000000	3.168421e-05
	22.000000	3.558627e-05
	23.000000	3.651704e-05
	24.000000	3.235633e-05
	25.000000	2.703335e-05
	26.000000	2.194208e-05
	27.000000	1.633330e-05
	28.000000	1.141416e-05
	29.000000	7.987072e-06
	30.000000	5.743676e-06
	31.000000	4.251378e-06
	32.000000	3.232511e-06
	33.000000	2.514551e-06
	34.000000	1.994298e-06
	35.000000	1.609054e-06
	36.000000	1.318803e-06
	37.000000	1.097133e-06
	38.000000	9.246774e-07
	39.000000	7.849727e-07
	40.000000	6.638996e-07
	41.000000	5.583345e-07
	42.000000	4.702694e-07
	43.000000	3.996223e-07
	44.000000	3.430682e-07
	45.000000	2.972053e-07
	46.000000	2.595519e-07
	47.000000	2.283579e-07
	48.000000	2.022445e-07
	49.000000	1.802528e-07
	50.000000	1.616430e-07
	51.000000	1.457560e-07
	52.000000	1.321497e-07
	53.000000	1.204522e-07
	54.000000	1.103305e-07
	55.000000	1.015438e-07
	56.000000	9.387897e-08
	57.000000	8.716422e-08
	58.000000	8.125558e-08
	59.000000	7.603188e-08
	60.000000	7.139335e-08
	61.000000	6.725595e-08
	62.000000	6.354855e-08
	63.000000	6.021170e-08
	64.000000	5.719508e-08
	65.000000	5.445636e-08
	66.000000	5.195963e-08
	67.000000	4.967471e-08
	68.000000	4.757604e-08
	69.000000	4.564186e-08
	70.000000	4.385367e-08
	71.000000	4.219561e-08
	72.000000	4.065445e-08
	73.000000	3.921848e-08
	74.000000	3.787796e-08
	75.000000	3.662388e-08
	76.000000	3.544900e-08
	77.000000	3.434652e-08
	78.000000	3.331048e-08
	79.000000	3.233566e-08
	80.000000	3.141736e-08
	81.000000	3.055117e-08
	82.000000	2.973308e-08
	83.000000	2.895983e-08
	84.000000	2.822791e-08
	85.000000	2.753469e-08
	86.000000	2.687747e-08
	87.000000	2.624320e-08
	88.000000	2.565327e-08
	89.000000	2.509227e-08
	90.000000	2.455857e-08
	91.000000	2.405038e-08
	92.000000	2.356636e-08
	93.000000	2.310493e-08
	94.000000	2.266516e-08
	95.000000	2.224557e-08
	96.000000	2.184522e-08
	97.000000	2.146312e-08
	98.000000	2.109827e-08
	99.000000	2.075002e-08
	100.000000	2.041732e-08
	101.000000	2.009957e-08
	102.000000	1.979595e-08
	103.000000	1.950607e-08
	104.000000	1.922917e-08
	105.000000	1.896467e-08
	106.000000	1.871222e-08
	107.000000	1.847124e-08
	108.000000	1.824131e-08
	109.000000	1.802214e-08
	110.000000	4.199740e-08
	111.000000	0.000000e+00
	112.000000	0.000000e+00
	113.000000	2.060890e-08

#################################################################################################################################################

Energy 130 			# in MeV 
Multiplicity PromptGamma 0.315614
Differential_cross_section PromptGamma 122 	 # Secondary particule & Nbr of rows (Energies) 
# 	Energy(MeV)	Int.(b/MeV)
	1.000000	1.147412e-02
	2.000000	1.644592e-02
	3.000000	4.108894e-03
	4.000000	1.602797e-02
	5.000000	5.353705e-03
	6.000000	6.211161e-03
	7.000000	3.904521e-03
	8.000000	1.515693e-03
	9.000000	6.545389e-04
	10.000000	8.202945e-05
	11.000000	7.155344e-05
	12.000000	6.319058e-05
	13.000000	5.653487e-05
	14.000000	5.122840e-05
	15.000000	4.706393e-05
	16.000000	4.393097e-05
	17.000000	4.169456e-05
	18.000000	4.018096e-05
	19.000000	3.963626e-05
	20.000000	4.085555e-05
	21.000000	4.546480e-05
	22.000000	5.152151e-05
	23.000000	5.296297e-05
	24.000000	4.707802e-05
	25.000000	3.970550e-05
	26.000000	3.223518e-05
	27.000000	2.383291e-05
	28.000000	1.662002e-05
	29.000000	1.166483e-05
	30.000000	8.414753e-06
	31.000000	6.257691e-06
	32.000000	4.779548e-06
	33.000000	3.732990e-06
	34.000000	2.971475e-06
	35.000000	2.405417e-06
	36.000000	1.977716e-06
	37.000000	1.651763e-06
	38.000000	1.397655e-06
	39.000000	1.188201e-06
	40.000000	9.999990e-07
	41.000000	8.314980e-07
	42.000000	6.911741e-07
	43.000000	5.789560e-07
	44.000000	4.896843e-07
	45.000000	4.179313e-07
	46.000000	3.593597e-07
	47.000000	3.111109e-07
	48.000000	2.710632e-07
	49.000000	2.375520e-07
	50.000000	2.093729e-07
	51.000000	1.856021e-07
	52.000000	1.654041e-07
	53.000000	1.482064e-07
	54.000000	1.335175e-07
	55.000000	1.209051e-07
	56.000000	1.100471e-07
	57.000000	1.006620e-07
	58.000000	9.252076e-08
	59.000000	8.543084e-08
	60.000000	7.923147e-08
	61.000000	7.378942e-08
	62.000000	6.899155e-08
	63.000000	6.474352e-08
	64.000000	6.096566e-08
	65.000000	5.759127e-08
	66.000000	5.456386e-08
	67.000000	5.183585e-08
	68.000000	4.936683e-08
	69.000000	4.712281e-08
	70.000000	4.507501e-08
	71.000000	4.319906e-08
	72.000000	4.147385e-08
	73.000000	3.988185e-08
	74.000000	3.840781e-08
	75.000000	3.703890e-08
	76.000000	3.576363e-08
	77.000000	3.457284e-08
	78.000000	3.345792e-08
	79.000000	3.241188e-08
	80.000000	3.142867e-08
	81.000000	3.050272e-08
	82.000000	2.962929e-08
	83.000000	2.880438e-08
	84.000000	2.802417e-08
	85.000000	2.728557e-08
	86.000000	2.658546e-08
	87.000000	2.592124e-08
	88.000000	2.529059e-08
	89.000000	2.469110e-08
	90.000000	2.412087e-08
	91.000000	2.357808e-08
	92.000000	2.306095e-08
	93.000000	2.256793e-08
	94.000000	2.209769e-08
	95.000000	2.164875e-08
	96.000000	2.121616e-08
	97.000000	2.080740e-08
	98.000000	2.041635e-08
	99.000000	2.004229e-08
	100.000000	1.968430e-08
	101.000000	1.934147e-08
	102.000000	1.901317e-08
	103.000000	1.869855e-08
	104.000000	1.839712e-08
	105.000000	1.810823e-08
	106.000000	1.783112e-08
	107.000000	1.756550e-08
	108.000000	1.731082e-08
	109.000000	1.706657e-08
	110.000000	1.683226e-08
	111.000000	1.660747e-08
	112.000000	1.639198e-08
	113.000000	1.618539e-08
	114.000000	1.598725e-08
	115.000000	1.579736e-08
	116.000000	1.561537e-08
	117.000000	1.544114e-08
	118.000000	1.527424e-08
	119.000000	1.511453e-08
	120.000000	3.556324e-08
	121.000000	0.000000e+00
	122.000000	1.748900e-08

#################################################################################################################################################

Energy 140 			# in MeV 
Multiplicity PromptGamma 0.312536
Differential_cross_section PromptGamma 131 	 # Secondary particule & Nbr of rows (Energies) 
# 	Energy(MeV)	Int.(b/MeV)
	1.000000	1.138682e-02
	2.000000	1.627720e-02
	3.000000	4.107608e-03
	4.000000	1.556347e-02
	5.000000	5.322848e-03
	6.000000	6.175851e-03
	7.000000	3.881632e-03
	8.000000	1.521870e-03
	9.000000	6.616185e-04
	10.000000	1.004573e-04
	11.000000	8.843261e-05
	12.000000	7.882513e-05
	13.000000	7.116787e-05
	14.000000	6.507999e-05
	15.000000	6.032476e-05
	16.000000	5.679404e-05
	17.000000	5.437135e-05
	18.000000	5.299044e-05
	19.000000	5.287065e-05
	20.000000	5.538660e-05
	21.000000	6.265267e-05
	22.000000	7.170735e-05
	23.000000	7.403813e-05
	24.000000	6.616804e-05
	25.000000	5.627599e-05
	26.000000	4.568294e-05
	27.000000	3.361069e-05
	28.000000	2.351778e-05
	29.000000	1.659917e-05
	30.000000	1.207183e-05
	31.000000	9.044190e-06
	32.000000	6.959563e-06
	33.000000	5.475856e-06
	34.000000	4.390397e-06
	35.000000	3.579438e-06
	36.000000	2.965405e-06
	37.000000	2.496463e-06
	38.000000	2.129622e-06
	39.000000	1.820151e-06
	40.000000	1.532314e-06
	41.000000	1.269322e-06
	42.000000	1.049364e-06
	43.000000	8.732585e-07
	44.000000	7.333476e-07
	45.000000	6.206277e-07
	46.000000	5.286870e-07
	47.000000	4.529440e-07
	48.000000	3.899774e-07
	49.000000	3.373523e-07
	50.000000	2.931570e-07
	51.000000	2.559401e-07
	52.000000	2.244421e-07
	53.000000	1.977410e-07
	54.000000	1.750634e-07
	55.000000	1.557355e-07
	56.000000	1.392333e-07
	57.000000	1.251127e-07
	58.000000	1.129950e-07
	59.000000	1.025708e-07
	60.000000	9.357827e-08
	61.000000	8.579898e-08
	62.000000	7.904181e-08
	63.000000	7.315344e-08
	64.000000	6.800303e-08
	65.000000	6.347883e-08
	66.000000	5.948788e-08
	67.000000	5.595171e-08
	68.000000	5.280464e-08
	69.000000	4.999087e-08
	70.000000	4.746422e-08
	71.000000	4.518525e-08
	72.000000	4.312058e-08
	73.000000	4.124219e-08
	74.000000	3.952637e-08
	75.000000	3.795321e-08
	76.000000	3.650482e-08
	77.000000	3.516704e-08
	78.000000	3.392706e-08
	79.000000	3.277395e-08
	80.000000	3.169870e-08
	81.000000	3.069325e-08
	82.000000	2.975052e-08
	83.000000	2.886429e-08
	84.000000	2.803070e-08
	85.000000	2.724416e-08
	86.000000	2.649949e-08
	87.000000	2.579472e-08
	88.000000	2.512656e-08
	89.000000	2.449229e-08
	90.000000	2.388959e-08
	91.000000	2.331602e-08
	92.000000	2.276981e-08
	93.000000	2.224917e-08
	94.000000	2.175246e-08
	95.000000	2.127830e-08
	96.000000	2.082534e-08
	97.000000	2.039235e-08
	98.000000	1.997825e-08
	99.000000	1.958186e-08
	100.000000	1.920235e-08
	101.000000	1.883879e-08
	102.000000	1.849023e-08
	103.000000	1.815608e-08
	104.000000	1.783544e-08
	105.000000	1.752643e-08
	106.000000	1.723127e-08
	107.000000	1.694788e-08
	108.000000	1.667562e-08
	109.000000	1.641386e-08
	110.000000	1.616232e-08
	111.000000	1.592052e-08
	112.000000	1.568781e-08
	113.000000	1.546399e-08
	114.000000	1.524872e-08
	115.000000	1.504164e-08
	116.000000	1.484239e-08
	117.000000	1.465057e-08
	118.000000	1.446610e-08
	119.000000	1.428842e-08
	120.000000	1.411753e-08
	121.000000	1.395308e-08
	122.000000	1.379493e-08
	123.000000	1.364273e-08
	124.000000	1.349642e-08
	125.000000	1.335577e-08
	126.000000	1.322059e-08
	127.000000	1.309065e-08
	128.000000	1.296590e-08
	129.000000	3.045718e-08
	130.000000	0.000000e+00
	131.000000	1.957773e-08

#################################################################################################################################################

Energy 150 			# in MeV 
Multiplicity PromptGamma 0.309841
Differential_cross_section PromptGamma 140 	 # Secondary particule & Nbr of rows (Energies) 
# 	Energy(MeV)	Int.(b/MeV)
	1.000000	1.116969e-02
	2.000000	1.597294e-02
	3.000000	4.076993e-03
	4.000000	1.477220e-02
	5.000000	5.289804e-03
	6.000000	6.127793e-03
	7.000000	3.853071e-03
	8.000000	1.531961e-03
	9.000000	6.797801e-04
	10.000000	1.245374e-04
	11.000000	1.093699e-04
	12.000000	9.749829e-05
	13.000000	8.809099e-05
	14.000000	8.071474e-05
	15.000000	7.504834e-05
	16.000000	7.092673e-05
	17.000000	6.825396e-05
	18.000000	6.706066e-05
	19.000000	6.766705e-05
	20.000000	7.208407e-05
	21.000000	8.311809e-05
	22.000000	9.709783e-05
	23.000000	1.015065e-04
	24.000000	9.127683e-05
	25.000000	7.832724e-05
	26.000000	6.479993e-05
	27.000000	4.830558e-05
	28.000000	3.391344e-05
	29.000000	2.398566e-05
	30.000000	1.749681e-05
	31.000000	1.315468e-05
	32.000000	1.016099e-05
	33.000000	8.031708e-06
	34.000000	6.473723e-06
	35.000000	5.308195e-06
	36.000000	4.424590e-06
	37.000000	3.749699e-06
	38.000000	3.224768e-06
	39.000000	2.784767e-06
	40.000000	2.368693e-06
	41.000000	1.973239e-06
	42.000000	1.632177e-06
	43.000000	1.356273e-06
	44.000000	1.136290e-06
	45.000000	9.590074e-07
	46.000000	8.142351e-07
	47.000000	6.946847e-07
	48.000000	5.950300e-07
	49.000000	5.114453e-07
	50.000000	4.410144e-07
	51.000000	3.814913e-07
	52.000000	3.309954e-07
	53.000000	2.880983e-07
	54.000000	2.516076e-07
	55.000000	2.205051e-07
	56.000000	1.939730e-07
	57.000000	1.713161e-07
	58.000000	1.519405e-07
	59.000000	1.353524e-07
	60.000000	1.211336e-07
	61.000000	1.089312e-07
	62.000000	9.843393e-08
	63.000000	8.938963e-08
	64.000000	8.157852e-08
	65.000000	7.481458e-08
	66.000000	6.894075e-08
	67.000000	6.382343e-08
	68.000000	5.934889e-08
	69.000000	5.542163e-08
	70.000000	5.196105e-08
	71.000000	4.889861e-08
	72.000000	4.617671e-08
	73.000000	4.374692e-08
	74.000000	4.156865e-08
	75.000000	3.960630e-08
	76.000000	3.783126e-08
	77.000000	3.621930e-08
	78.000000	3.474836e-08
	79.000000	3.340101e-08
	80.000000	3.216231e-08
	81.000000	3.101883e-08
	82.000000	2.995842e-08
	83.000000	2.897029e-08
	84.000000	2.805821e-08
	85.000000	2.719635e-08
	86.000000	2.639940e-08
	87.000000	2.563868e-08
	88.000000	2.492274e-08
	89.000000	2.424738e-08
	90.000000	2.360901e-08
	91.000000	2.300441e-08
	92.000000	2.243074e-08
	93.000000	2.188551e-08
	94.000000	2.136668e-08
	95.000000	2.087224e-08
	96.000000	2.040052e-08
	97.000000	1.994989e-08
	98.000000	1.951924e-08
	99.000000	1.910719e-08
	100.000000	1.871264e-08
	101.000000	1.833462e-08
	102.000000	1.797224e-08
	103.000000	1.762460e-08
	104.000000	1.729102e-08
	105.000000	1.697067e-08
	106.000000	1.666299e-08
	107.000000	1.636724e-08
	108.000000	1.608291e-08
	109.000000	1.580948e-08
	110.000000	1.554644e-08
	111.000000	1.529319e-08
	112.000000	1.504952e-08
	113.000000	1.481473e-08
	114.000000	1.458814e-08
	115.000000	1.437043e-08
	116.000000	1.416052e-08
	117.000000	1.395818e-08
	118.000000	1.376307e-08
	119.000000	1.357492e-08
	120.000000	1.339339e-08
	121.000000	1.321833e-08
	122.000000	1.304948e-08
	123.000000	1.288641e-08
	124.000000	1.272905e-08
	125.000000	1.257735e-08
	126.000000	1.243082e-08
	127.000000	1.228952e-08
	128.000000	1.215311e-08
	129.000000	1.202138e-08
	130.000000	1.189441e-08
	131.000000	1.177185e-08
	132.000000	1.165370e-08
	133.000000	1.153961e-08
	134.000000	1.142973e-08
	135.000000	1.132384e-08
	136.000000	1.122174e-08
	137.000000	1.112343e-08
	138.000000	2.609324e-08
	139.000000	0.000000e+00
	140.000000	6.364727e-08

#################################################################################################################################################

Energy 160 			# in MeV 
Multiplicity PromptGamma 0.308520
Differential_cross_section PromptGamma 75 	 # Secondary particule & Nbr of rows (Energies) 
# 	Energy(MeV)	Int.(b/MeV)
	2.000000	1.074772e-02
	4.000000	1.000398e-02
	6.000000	5.153152e-03
	8.000000	1.357778e-03
	10.000000	1.372914e-04
	12.000000	1.105410e-04
	14.000000	9.366884e-05
	16.000000	8.385753e-05
	18.000000	8.051262e-05
	20.000000	8.770058e-05
	22.000000	1.183299e-04
	24.000000	1.150248e-04
	26.000000	8.199824e-05
	28.000000	4.394963e-05
	30.000000	2.303406e-05
	32.000000	1.361493e-05
	34.000000	8.826182e-06
	36.000000	6.137643e-06
	38.000000	4.548678e-06
	40.000000	3.368871e-06
	42.000000	2.341782e-06
	44.000000	1.643606e-06
	46.000000	1.185236e-06
	48.000000	8.690910e-07
	50.000000	6.440900e-07
	52.000000	4.813469e-07
	54.000000	3.626101e-07
	56.000000	2.755925e-07
	58.000000	2.116643e-07
	60.000000	1.646110e-07
	62.000000	1.299347e-07
	64.000000	1.042761e-07
	66.000000	8.518915e-08
	68.000000	7.090296e-08
	70.000000	6.011446e-08
	72.000000	5.187810e-08
	74.000000	4.550910e-08
	76.000000	4.051694e-08
	78.000000	3.654215e-08
	80.000000	3.332409e-08
	82.000000	3.067536e-08
	84.000000	2.844311e-08
	86.000000	2.659149e-08
	88.000000	2.493448e-08
	90.000000	2.349208e-08
	92.000000	2.222113e-08
	94.000000	2.108918e-08
	96.000000	2.007222e-08
	98.000000	1.915198e-08
	100.000000	1.831434e-08
	102.000000	1.754804e-08
	104.000000	1.684439e-08
	106.000000	1.619619e-08
	108.000000	1.559767e-08
	110.000000	1.504361e-08
	112.000000	1.453001e-08
	114.000000	1.405305e-08
	116.000000	1.360977e-08
	118.000000	1.319716e-08
	120.000000	1.281258e-08
	122.000000	1.245387e-08
	124.000000	1.211891e-08
	126.000000	1.180621e-08
	128.000000	1.151387e-08
	130.000000	1.124041e-08
	132.000000	1.098466e-08
	134.000000	1.074526e-08
	136.000000	1.052121e-08
	138.000000	1.031155e-08
	140.000000	1.011539e-08
	142.000000	9.932060e-09
	144.000000	9.760814e-09
	146.000000	9.600969e-09
	148.000000	1.124916e-08
	150.000000	5.562850e-09

#################################################################################################################################################

Energy 180 			# in MeV 
Multiplicity PromptGamma 0.306555
Differential_cross_section PromptGamma 84 	 # Secondary particule & Nbr of rows (Energies) 
# 	Energy(MeV)	Int.(b/MeV)
	2.000000	1.013807e-02
	4.000000	9.159672e-03
	6.000000	5.113209e-03
	8.000000	1.398662e-03
	10.000000	1.933631e-04
	12.000000	1.530278e-04
	14.000000	1.289284e-04
	16.000000	1.159443e-04
	18.000000	1.134464e-04
	20.000000	1.292803e-04
	22.000000	1.882995e-04
	24.000000	1.882157e-04
	26.000000	1.407138e-04
	28.000000	7.715278e-05
	30.000000	4.085293e-05
	32.000000	2.445284e-05
	34.000000	1.612575e-05
	36.000000	1.144617e-05
	38.000000	8.705616e-06
	40.000000	6.708013e-06
	42.000000	4.785871e-06
	44.000000	3.417129e-06
	46.000000	2.508334e-06
	48.000000	1.872762e-06
	50.000000	1.411109e-06
	52.000000	1.068931e-06
	54.000000	8.125491e-07
	56.000000	6.194488e-07
	58.000000	4.736617e-07
	60.000000	3.634773e-07
	62.000000	2.802274e-07
	64.000000	2.172901e-07
	66.000000	1.697196e-07
	68.000000	1.337903e-07
	70.000000	1.066438e-07
	72.000000	8.610493e-08
	74.000000	7.052886e-08
	76.000000	5.868711e-08
	78.000000	4.965230e-08
	80.000000	4.271854e-08
	82.000000	3.722503e-08
	84.000000	3.309501e-08
	86.000000	2.989032e-08
	88.000000	2.708298e-08
	90.000000	2.482598e-08
	92.000000	2.297913e-08
	94.000000	2.144003e-08
	96.000000	2.013447e-08
	98.000000	1.900813e-08
	100.000000	1.802193e-08
	102.000000	1.714705e-08
	104.000000	1.636238e-08
	106.000000	1.565216e-08
	108.000000	1.500453e-08
	110.000000	1.441069e-08
	112.000000	1.386357e-08
	114.000000	1.335731e-08
	116.000000	1.288733e-08
	118.000000	1.245009e-08
	120.000000	1.204237e-08
	122.000000	1.166155e-08
	124.000000	1.130545e-08
	126.000000	1.097193e-08
	128.000000	1.065920e-08
	130.000000	1.036583e-08
	132.000000	1.009023e-08
	134.000000	9.831293e-09
	136.000000	9.587711e-09
	138.000000	9.358495e-09
	140.000000	9.142663e-09
	142.000000	8.939293e-09
	144.000000	8.747668e-09
	146.000000	8.566998e-09
	148.000000	8.396561e-09
	150.000000	8.235769e-09
	152.000000	8.084162e-09
	154.000000	7.941082e-09
	156.000000	7.806137e-09
	158.000000	7.678933e-09
	160.000000	7.559077e-09
	162.000000	7.446175e-09
	164.000000	7.339964e-09
	166.000000	8.584907e-09
	168.000000	4.251012e-09

#################################################################################################################################################

Energy 200 			# in MeV 
Multiplicity PromptGamma 0.306888
Differential_cross_section PromptGamma 93 	 # Secondary particule & Nbr of rows (Energies) 
# 	Energy(MeV)	Int.(b/MeV)
	2.000000	9.839966e-03
	4.000000	8.851712e-03
	6.000000	4.838516e-03
	8.000000	1.351789e-03
	10.000000	2.215889e-04
	12.000000	1.793123e-04
	14.000000	1.543798e-04
	16.000000	1.421520e-04
	18.000000	1.433755e-04
	20.000000	1.719918e-04
	22.000000	2.629835e-04
	24.000000	2.659862e-04
	26.000000	2.006577e-04
	28.000000	1.098810e-04
	30.000000	5.968501e-05
	32.000000	3.665417e-05
	34.000000	2.479551e-05
	36.000000	1.807639e-05
	38.000000	1.414219e-05
	40.000000	1.109774e-05
	42.000000	8.042916e-06
	44.000000	5.876536e-06
	46.000000	4.414265e-06
	48.000000	3.370252e-06
	50.000000	2.595387e-06
	52.000000	2.007848e-06
	54.000000	1.557200e-06
	56.000000	1.209408e-06
	58.000000	9.402026e-07
	60.000000	7.314993e-07
	62.000000	5.696633e-07
	64.000000	4.440411e-07
	66.000000	3.466045e-07
	68.000000	2.712228e-07
	70.000000	2.129967e-07
	72.000000	1.680731e-07
	74.000000	1.334415e-07
	76.000000	1.067819e-07
	78.000000	8.628604e-08
	80.000000	7.053405e-08
	82.000000	5.794566e-08
	84.000000	4.877017e-08
	86.000000	4.188967e-08
	88.000000	3.576068e-08
	90.000000	3.103785e-08
	92.000000	2.737092e-08
	94.000000	2.449622e-08
	96.000000	2.221617e-08
	98.000000	2.038254e-08
	100.000000	1.888519e-08
	102.000000	1.764273e-08
	104.000000	1.659457e-08
	106.000000	1.569483e-08
	108.000000	1.491039e-08
	110.000000	1.421817e-08
	112.000000	1.359981e-08
	114.000000	1.304061e-08
	116.000000	1.253006e-08
	118.000000	1.206057e-08
	120.000000	1.162620e-08
	122.000000	1.122264e-08
	124.000000	1.084653e-08
	126.000000	1.049510e-08
	128.000000	1.016585e-08
	130.000000	9.856954e-09
	132.000000	9.566621e-09
	134.000000	9.293500e-09
	136.000000	9.036293e-09
	138.000000	8.793716e-09
	140.000000	8.564931e-09
	142.000000	8.348841e-09
	144.000000	8.144612e-09
	146.000000	7.951594e-09
	148.000000	7.768954e-09
	150.000000	7.596044e-09
	152.000000	7.432285e-09
	154.000000	7.277163e-09
	156.000000	7.130096e-09
	158.000000	6.990698e-09
	160.000000	6.858389e-09
	162.000000	6.732912e-09
	164.000000	6.613816e-09
	166.000000	6.500713e-09
	168.000000	6.393422e-09
	170.000000	6.291564e-09
	172.000000	6.194875e-09
	174.000000	6.103129e-09
	176.000000	6.016094e-09
	178.000000	5.933564e-09
	180.000000	5.855352e-09
	182.000000	5.781290e-09
	184.000000	6.752054e-09
	186.000000	2.816367e-08

#################################################################################################################################################

Energy 220 			# in MeV 
Multiplicity PromptGamma 0.310410
Differential_cross_section PromptGamma 102 	 # Secondary particule & Nbr of rows (Energies) 
# 	Energy(MeV)	Int.(b/MeV)
	2.000000	9.742106e-03
	4.000000	8.931780e-03
	6.000000	4.685462e-03
	8.000000	1.317522e-03
	10.000000	2.325486e-04
	12.000000	1.969213e-04
	14.000000	1.752234e-04
	16.000000	1.652154e-04
	18.000000	1.701567e-04
	20.000000	2.122399e-04
	22.000000	3.408000e-04
	24.000000	3.538688e-04
	26.000000	2.701920e-04
	28.000000	1.532261e-04
	30.000000	8.646064e-05
	32.000000	5.502243e-05
	34.000000	3.831508e-05
	36.000000	2.865020e-05
	38.000000	2.296221e-05
	40.000000	1.837123e-05
	42.000000	1.359072e-05
	44.000000	1.014839e-05
	46.000000	7.792126e-06
	48.000000	6.079650e-06
	50.000000	4.783569e-06
	52.000000	3.780575e-06
	54.000000	2.994863e-06
	56.000000	2.375130e-06
	58.000000	1.884456e-06
	60.000000	1.494889e-06
	62.000000	1.185009e-06
	64.000000	9.381998e-07
	66.000000	7.419144e-07
	68.000000	5.863496e-07
	70.000000	4.633242e-07
	72.000000	3.662285e-07
	74.000000	2.897965e-07
	76.000000	2.298024e-07
	78.000000	1.828353e-07
	80.000000	1.461684e-07
	82.000000	1.176038e-07
	84.000000	9.606435e-08
	86.000000	7.913815e-08
	88.000000	6.404033e-08
	90.000000	5.240163e-08
	92.000000	4.342583e-08
	94.000000	3.649389e-08
	96.000000	3.112725e-08
	98.000000	2.695673e-08
	100.000000	2.369876e-08
	102.000000	2.113602e-08
	104.000000	1.910227e-08
	106.000000	1.747063e-08
	108.000000	1.614820e-08
	110.000000	1.506766e-08
	112.000000	1.417127e-08
	114.000000	1.341201e-08
	116.000000	1.275589e-08
	118.000000	1.217916e-08
	120.000000	1.166516e-08
	122.000000	1.120156e-08
	124.000000	1.077915e-08
	126.000000	1.039138e-08
	128.000000	1.003280e-08
	130.000000	9.699517e-09
	132.000000	9.388419e-09
	134.000000	9.096974e-09
	136.000000	8.823239e-09
	138.000000	8.565590e-09
	140.000000	8.322667e-09
	142.000000	8.093234e-09
	144.000000	7.876387e-09
	146.000000	7.671150e-09
	148.000000	7.476745e-09
	150.000000	7.292460e-09
	152.000000	7.117711e-09
	154.000000	6.951783e-09
	156.000000	6.794287e-09
	158.000000	6.644641e-09
	160.000000	6.502324e-09
	162.000000	6.367020e-09
	164.000000	6.238267e-09
	166.000000	6.115721e-09
	168.000000	5.999021e-09
	170.000000	5.887860e-09
	172.000000	5.781932e-09
	174.000000	5.680975e-09
	176.000000	5.584720e-09
	178.000000	5.492927e-09
	180.000000	5.405371e-09
	182.000000	5.321856e-09
	184.000000	5.242174e-09
	186.000000	5.166164e-09
	188.000000	5.093656e-09
	190.000000	5.024483e-09
	192.000000	4.958521e-09
	194.000000	4.895633e-09
	196.000000	4.835690e-09
	198.000000	4.778594e-09
	200.000000	4.724249e-09
	202.000000	5.509909e-09
	204.000000	1.026282e-07

#################################################################################################################################################

Energy 250 			# in MeV 
Multiplicity PromptGamma 0.314731
Differential_cross_section PromptGamma 116 	 # Secondary particule & Nbr of rows (Energies) 
# 	Energy(MeV)	Int.(b/MeV)
	2.000000	9.544651e-03
	4.000000	8.305755e-03
	6.000000	4.807353e-03
	8.000000	1.405866e-03
	10.000000	3.030726e-04
	12.000000	2.507004e-04
	14.000000	2.214087e-04
	16.000000	2.106516e-04
	18.000000	2.235125e-04
	20.000000	2.922024e-04
	22.000000	4.933541e-04
	24.000000	5.260546e-04
	26.000000	4.114019e-04
	28.000000	2.333577e-04
	30.000000	1.318632e-04
	32.000000	8.434482e-05
	34.000000	5.941909e-05
	36.000000	4.514486e-05
	38.000000	3.688239e-05
	40.000000	3.017514e-05
	42.000000	2.274200e-05
	44.000000	1.730766e-05
	46.000000	1.356264e-05
	48.000000	1.081389e-05
	50.000000	8.704135e-06
	52.000000	7.042833e-06
	54.000000	5.715228e-06
	56.000000	4.644638e-06
	58.000000	3.776974e-06
	60.000000	3.071530e-06
	62.000000	2.496463e-06
	64.000000	2.026238e-06
	66.000000	1.641886e-06
	68.000000	1.328989e-06
	70.000000	1.074783e-06
	72.000000	8.686071e-07
	74.000000	7.017187e-07
	76.000000	5.668979e-07
	78.000000	4.582071e-07
	80.000000	3.707675e-07
	82.000000	2.970104e-07
	84.000000	2.415145e-07
	86.000000	1.986054e-07
	88.000000	1.586254e-07
	90.000000	1.270048e-07
	92.000000	1.020378e-07
	94.000000	8.235439e-08
	96.000000	6.685559e-08
	98.000000	5.466692e-08
	100.000000	4.509185e-08
	102.000000	3.757940e-08
	104.000000	3.169694e-08
	106.000000	2.707215e-08
	108.000000	2.342405e-08
	110.000000	2.056671e-08
	112.000000	1.833017e-08
	114.000000	1.656219e-08
	116.000000	1.514219e-08
	118.000000	1.398486e-08
	120.000000	1.302921e-08
	122.000000	1.222941e-08
	124.000000	1.155092e-08
	126.000000	1.096764e-08
	128.000000	1.045939e-08
	130.000000	1.001093e-08
	132.000000	9.610474e-09
	134.000000	9.249047e-09
	136.000000	8.919661e-09
	138.000000	8.617042e-09
	140.000000	8.337038e-09
	142.000000	8.076549e-09
	144.000000	7.832872e-09
	146.000000	7.604160e-09
	148.000000	7.388701e-09
	150.000000	7.185176e-09
	152.000000	6.992595e-09
	154.000000	6.810034e-09
	156.000000	6.636639e-09
	158.000000	6.471899e-09
	160.000000	6.315125e-09
	162.000000	6.165840e-09
	164.000000	6.023576e-09
	166.000000	5.887932e-09
	168.000000	5.758524e-09
	170.000000	5.635011e-09
	172.000000	5.517049e-09
	174.000000	5.404368e-09
	176.000000	5.296666e-09
	178.000000	5.193697e-09
	180.000000	5.095204e-09
	182.000000	5.000976e-09
	184.000000	4.910791e-09
	186.000000	4.824436e-09
	188.000000	4.741740e-09
	190.000000	4.662512e-09
	192.000000	4.586600e-09
	194.000000	4.513827e-09
	196.000000	4.444060e-09
	198.000000	4.377154e-09
	200.000000	4.312978e-09
	202.000000	4.251413e-09
	204.000000	4.192346e-09
	206.000000	4.135666e-09
	208.000000	4.081280e-09
	210.000000	4.029090e-09
	212.000000	3.978996e-09
	214.000000	3.930914e-09
	216.000000	3.884797e-09
	218.000000	3.840537e-09
	220.000000	3.798091e-09
	222.000000	3.757386e-09
	224.000000	3.718362e-09
	226.000000	3.680987e-09
	228.000000	3.645173e-09
	230.000000	4.266497e-09
	232.000000	4.317870e-08

#################################################################################################################################################

