0.00000000	 0.00000000
0.50000000	 392.77892893
1.00000000	 250.65064830
1.50000000	 187.58162399
2.00000000	 152.18974598
2.50000000	 129.18282553
3.00000000	 112.38075373
3.50000000	 99.81157356
4.00000000	 90.12771319
4.50000000	 82.37951938
5.00000000	 75.89324719
5.50000000	 70.44091840
6.00000000	 65.80692403
6.50000000	 61.77382494
7.00000000	 58.24709422
7.50000000	 55.15084301
8.00000000	 52.38472811
8.50000000	 49.90639647
9.00000000	 47.67484487
9.50000000	 45.65095811
10.00000000	 43.80792249
10.50000000	 42.12122105
11.00000000	 40.58006651
11.50000000	 39.15024849
12.00000000	 37.82724725
12.50000000	 36.59926687
13.00000000	 35.45710639
13.50000000	 34.39016275
14.00000000	 33.39193234
14.50000000	 32.45571427
15.00000000	 31.57580855
15.50000000	 30.74561056
16.00000000	 29.96371957
16.50000000	 29.22473708
17.00000000	 28.52546183
17.50000000	 27.86189281
18.00000000	 27.23172869
18.50000000	 26.63236925
19.00000000	 26.06171360
19.50000000	 25.51806250
20.00000000	 24.99861533
20.50000000	 24.50217087
21.00000000	 24.02722931
21.50000000	 23.57239023
22.00000000	 23.13655367
22.50000000	 22.71831960
23.00000000	 22.31658752
23.50000000	 21.93045724
24.00000000	 21.55902877
24.50000000	 21.20140199
25.00000000	 20.85677670
25.50000000	 20.52445271
26.00000000	 20.20382993
26.50000000	 19.89430844
27.00000000	 19.59518805
27.50000000	 19.30606866
28.00000000	 19.02635007
28.50000000	 18.75583259
29.00000000	 18.49361609
29.50000000	 18.23960020
30.00000000	 17.99328510
30.50000000	 17.75437040
31.00000000	 17.52275652
31.50000000	 17.29774362
32.00000000	 17.07903102
32.50000000	 16.86661893
33.00000000	 16.66000815
33.50000000	 16.45839702
34.00000000	 16.26288564
34.50000000	 16.07267555
35.00000000	 15.88726584
35.50000000	 15.70675625
36.00000000	 15.53094725
36.50000000	 15.35943865
37.00000000	 15.19223026
37.50000000	 15.02912216
38.00000000	 14.87001446
38.50000000	 14.71460706
39.00000000	 14.56289976
39.50000000	 14.41479277
40.00000000	 14.27008607
40.50000000	 14.12867957
41.00000000	 13.99047337
41.50000000	 13.85526737
42.00000000	 13.72306158
42.50000000	 13.59365587
43.00000000	 13.46715038
43.50000000	 13.34324518
44.00000000	 13.22193998
44.50000000	 13.10323508
45.00000000	 12.98683028
45.50000000	 12.87292558
46.00000000	 12.76122108
46.50000000	 12.65181668
47.00000000	 12.54451269
47.50000000	 12.43910848
48.00000000	 12.33600429
48.50000000	 12.23480038
49.00000000	 12.13559659
49.50000000	 12.03819299
50.00000000	 11.94258939
50.50000000	 11.84878589
51.00000000	 11.75668259
51.50000000	 11.66617939
52.00000000	 11.57727619
52.50000000	 11.48997289
53.00000000	 11.40436989
53.50000000	 11.32006709
54.00000000	 11.23726419
54.50000000	 11.15586149
55.00000000	 11.07575879
55.50000000	 10.99705609
56.00000000	 10.91965359
56.50000000	 10.84345109
57.00000000	 10.76854859
57.50000000	 10.69484619
58.00000000	 10.62234379
58.50000000	 10.55104159
59.00000000	 10.48073939
59.50000000	 10.41163719
60.00000000	 10.34353509
60.50000000	 10.27653299
61.00000000	 10.21053099
61.50000000	 10.14552899
62.00000000	 10.08152710
62.50000000	 10.01842527
63.00000000	 9.95625340
63.50000000	 9.89501158
64.00000000	 9.83466982
64.50000000	 9.77518810
65.00000000	 9.71656641
65.50000000	 9.65877476
66.00000000	 9.60180315
66.50000000	 9.54562157
67.00000000	 9.49023002
67.50000000	 9.43559851
68.00000000	 9.38171703
68.50000000	 9.32856558
69.00000000	 9.27613416
69.50000000	 9.22440276
70.00000000	 9.17337139
70.50000000	 9.12301006
71.00000000	 9.07330875
71.50000000	 9.02425747
72.00000000	 8.97583621
72.50000000	 8.92804497
73.00000000	 8.88086376
73.50000000	 8.83428257
74.00000000	 8.78829141
74.50000000	 8.74287027
75.00000000	 8.69801914
75.50000000	 8.65372804
76.00000000	 8.60997690
76.50000000	 8.56682584
77.00000000	 8.52413487
77.50000000	 8.48195385
78.00000000	 8.44028284
78.50000000	 8.39911186
79.00000000	 8.35842090
79.50000000	 8.31820995
80.00000000	 8.27846901
80.50000000	 8.23919809
81.00000000	 8.20037720
81.50000000	 8.16199631
82.00000000	 8.12406544
82.50000000	 8.08655459
83.00000000	 8.04947375
83.50000000	 8.01280293
84.00000000	 7.97654211
84.50000000	 7.94069131
85.00000000	 7.90523053
85.50000000	 7.87015976
86.00000000	 7.83546901
86.50000000	 7.80114826
87.00000000	 7.76720752
87.50000000	 7.73362680
88.00000000	 7.70040609
88.50000000	 7.66753539
89.00000000	 7.63501470
89.50000000	 7.60283403
90.00000000	 7.57098336
90.50000000	 7.53947270
91.00000000	 7.50828206
91.50000000	 7.47741142
92.00000000	 7.44686080
92.50000000	 7.41661019
93.00000000	 7.38666957
93.50000000	 7.35703897
94.00000000	 7.32769839
94.50000000	 7.29864781
95.00000000	 7.26988724
95.50000000	 7.24140668
96.00000000	 7.21320613
96.50000000	 7.18527558
97.00000000	 7.15762504
97.50000000	 7.13023451
98.00000000	 7.10311398
98.50000000	 7.07625347
99.00000000	 7.04964297
99.50000000	 7.02328247
100.00000000	 6.99717197
100.50000000	 6.97131149
101.00000000	 6.94568101
101.50000000	 6.92030053
102.00000000	 6.89515007
102.50000000	 6.87022961
103.00000000	 6.84553916
103.50000000	 6.82106872
104.00000000	 6.79681827
104.50000000	 6.77279783
105.00000000	 6.74898741
105.50000000	 6.72538699
106.00000000	 6.70199657
106.50000000	 6.67881615
107.00000000	 6.65584575
107.50000000	 6.63306535
108.00000000	 6.61049495
108.50000000	 6.58811456
109.00000000	 6.56593418
109.50000000	 6.54393380
110.00000000	 6.52213342
110.50000000	 6.50051306
111.00000000	 6.47907269
111.50000000	 6.45782232
112.00000000	 6.43675197
112.50000000	 6.41585162
113.00000000	 6.39513127
113.50000000	 6.37458093
114.00000000	 6.35420059
114.50000000	 6.33399025
115.00000000	 6.31394988
115.50000000	 6.29410956
116.00000000	 6.27438928
116.50000000	 6.25482896
117.00000000	 6.23542864
117.50000000	 6.21618833
118.00000000	 6.19709803
118.50000000	 6.17815772
119.00000000	 6.15937742
119.50000000	 6.14073713
120.00000000	 6.12224683
120.50000000	 6.10390654
121.00000000	 6.08570626
121.50000000	 6.06764598
122.00000000	 6.04972570
122.50000000	 6.03194542
123.00000000	 6.01430515
123.50000000	 5.99679488
124.00000000	 5.97942461
124.50000000	 5.96218435
125.00000000	 5.94507410
125.50000000	 5.92808384
126.00000000	 5.91123357
126.50000000	 5.89451333
127.00000000	 5.87790308
127.50000000	 5.86143283
128.00000000	 5.84507260
128.50000000	 5.82883235
129.00000000	 5.81272211
129.50000000	 5.79672188
130.00000000	 5.78084164
130.50000000	 5.76508142
131.00000000	 5.74942119
131.50000000	 5.73389096
132.00000000	 5.71846074
132.50000000	 5.70315052
133.00000000	 5.68794031
133.50000000	 5.67284009
134.00000000	 5.65784987
134.50000000	 5.64296966
135.00000000	 5.62818946
135.50000000	 5.61350925
136.00000000	 5.59893904
136.50000000	 5.58446884
137.00000000	 5.57009864
137.50000000	 5.55582845
138.00000000	 5.54164825
138.50000000	 5.52757805
139.00000000	 5.51359787
139.50000000	 5.49970768
140.00000000	 5.48591748
140.50000000	 5.47222729
141.00000000	 5.45862712
141.50000000	 5.44510694
142.00000000	 5.43168675
142.50000000	 5.41835657
143.00000000	 5.40511640
143.50000000	 5.39195622
144.00000000	 5.37889604
144.50000000	 5.36591588
145.00000000	 5.35301571
145.50000000	 5.34020554
146.00000000	 5.32747537
146.50000000	 5.31483521
147.00000000	 5.30226505
147.50000000	 5.28978488
148.00000000	 5.27738472
148.50000000	 5.26506456
149.00000000	 5.25282441
149.50000000	 5.24065425
150.00000000	 5.22857409
150.50000000	 5.21656395
151.00000000	 5.20462379
151.50000000	 5.19277364
152.00000000	 5.18098350
152.50000000	 5.16927335
153.00000000	 5.15763320
153.50000000	 5.14607305
154.00000000	 5.13458291
154.50000000	 5.12316278
155.00000000	 5.11180264
155.50000000	 5.10052249
156.00000000	 5.08931235
156.50000000	 5.07817222
157.00000000	 5.06709209
157.50000000	 5.05608195
158.00000000	 5.04514182
158.50000000	 5.03426169
159.00000000	 5.02345155
159.50000000	 5.01271142
160.00000000	 5.00203130
160.50000000	 4.99141117
161.00000000	 4.98086104
161.50000000	 4.97037092
162.00000000	 4.95994080
162.50000000	 4.94957068
163.00000000	 4.93926056
163.50000000	 4.92901043
164.00000000	 4.91883031
164.50000000	 4.90870020
165.00000000	 4.89863008
165.50000000	 4.88861996
166.00000000	 4.87866985
166.50000000	 4.86876973
167.00000000	 4.85893962
167.50000000	 4.84914951
168.00000000	 4.83942939
168.50000000	 4.82975929
169.00000000	 4.82013918
169.50000000	 4.81057907
170.00000000	 4.80106896
170.50000000	 4.79161885
171.00000000	 4.78221875
171.50000000	 4.77286864
172.00000000	 4.76357854
172.50000000	 4.75432844
173.00000000	 4.74513833
173.50000000	 4.73599823
174.00000000	 4.72690813
174.50000000	 4.71786803
175.00000000	 4.70887794
175.50000000	 4.69992784
176.00000000	 4.69103773
176.50000000	 4.68219764
177.00000000	 4.67339755
177.50000000	 4.66464745
178.00000000	 4.65594736
178.50000000	 4.64728726
179.00000000	 4.63868717
179.50000000	 4.63011708
180.00000000	 4.62160698
180.50000000	 4.61313690
181.00000000	 4.60470681
181.50000000	 4.59632672
182.00000000	 4.58798663
182.50000000	 4.57969654
183.00000000	 4.57144645
183.50000000	 4.56324637
184.00000000	 4.55507629
184.50000000	 4.54695619
185.00000000	 4.53888611
185.50000000	 4.53084603
186.00000000	 4.52285595
186.50000000	 4.51489587
187.00000000	 4.50698578
187.50000000	 4.49911570
188.00000000	 4.49128562
188.50000000	 4.48349554
189.00000000	 4.47574546
189.50000000	 4.46803538
190.00000000	 4.46036531
190.50000000	 4.45272523
191.00000000	 4.44513515
191.50000000	 4.43757508
192.00000000	 4.43005500
192.50000000	 4.42257492
193.00000000	 4.41513484
193.50000000	 4.40773477
194.00000000	 4.40036471
194.50000000	 4.39302463
195.00000000	 4.38573455
195.50000000	 4.37847449
196.00000000	 4.37124441
196.50000000	 4.36406434
197.00000000	 4.35690428
197.50000000	 4.34978420
198.00000000	 4.34270413
198.50000000	 4.33565406
199.00000000	 4.32864399
199.50000000	 4.32166393
200.00000000	 4.31471386
200.50000000	 4.30780379
201.00000000	 4.30092373
201.50000000	 4.29407366
202.00000000	 4.28726359
202.50000000	 4.28048353
203.00000000	 4.27373347
203.50000000	 4.26701340
204.00000000	 4.26033334
204.50000000	 4.25367328
205.00000000	 4.24705321
205.50000000	 4.24046315
206.00000000	 4.23390309
206.50000000	 4.22737303
207.00000000	 4.22087296
207.50000000	 4.21441290
208.00000000	 4.20797285
208.50000000	 4.20156279
209.00000000	 4.19518272
209.50000000	 4.18884266
210.00000000	 4.18252261
210.50000000	 4.17623255
211.00000000	 4.16997250
211.50000000	 4.16373244
212.00000000	 4.15753238
212.50000000	 4.15135232
213.00000000	 4.14521226
213.50000000	 4.13909221
214.00000000	 4.13300216
214.50000000	 4.12693210
215.00000000	 4.12090204
215.50000000	 4.11489199
216.00000000	 4.10891194
216.50000000	 4.10295189
217.00000000	 4.09702183
217.50000000	 4.09112177
218.00000000	 4.08525172
218.50000000	 4.07940168
219.00000000	 4.07357162
219.50000000	 4.06778156
220.00000000	 4.06201152
220.50000000	 4.05626147
221.00000000	 4.05054142
221.50000000	 4.04484137
222.00000000	 4.03917131
222.50000000	 4.03353127
223.00000000	 4.02790122
223.50000000	 4.02231117
224.00000000	 4.01673112
224.50000000	 4.01119107
225.00000000	 4.00566103
225.50000000	 4.00016097
226.00000000	 3.99469093
226.50000000	 3.98923089
227.00000000	 3.98380083
227.50000000	 3.97840079
228.00000000	 3.97301075
228.50000000	 3.96765069
229.00000000	 3.96232065
229.50000000	 3.95700061
230.00000000	 3.95171056
230.50000000	 3.94644052
231.00000000	 3.94119047
231.50000000	 3.93597043
232.00000000	 3.93076039
232.50000000	 3.92558034
233.00000000	 3.92042030
233.50000000	 3.91528025
234.00000000	 3.91017021
234.50000000	 3.90507017
235.00000000	 3.90000012
235.50000000	 3.89495009
236.00000000	 3.88991005
236.50000000	 3.88490000
237.00000000	 3.87990996
237.50000000	 3.87493992
238.00000000	 3.86998988
238.50000000	 3.86505984
239.00000000	 3.86014979
239.50000000	 3.85526975
240.00000000	 3.85039972
240.50000000	 3.84554968
241.00000000	 3.84071964
241.50000000	 3.83590960
242.00000000	 3.83111956
242.50000000	 3.82634953
243.00000000	 3.82158949
243.50000000	 3.81685944
244.00000000	 3.81214941
244.50000000	 3.80744937
245.00000000	 3.80277933
245.50000000	 3.79811930
246.00000000	 3.79347926
246.50000000	 3.78885922
247.00000000	 3.78425918
247.50000000	 3.77967915
248.00000000	 3.77510912
248.50000000	 3.77055908
249.00000000	 3.76602904
249.50000000	 3.76151900
250.00000000	 3.75702897
250.50000000	 3.75254894
251.00000000	 3.74808890
251.50000000	 3.74364886
252.00000000	 3.73922883
252.50000000	 3.73481880
253.00000000	 3.73042876
253.50000000	 3.72605873
254.00000000	 3.72169870
254.50000000	 3.71735866
255.00000000	 3.71303863
255.50000000	 3.70872860
256.00000000	 3.70443856
256.50000000	 3.70016852
257.00000000	 3.69591849
257.50000000	 3.69167847
258.00000000	 3.68744844
258.50000000	 3.68323840
259.00000000	 3.67904836
259.50000000	 3.67487833
260.00000000	 3.67071831
260.50000000	 3.66656828
261.00000000	 3.66243824
261.50000000	 3.65832821
262.00000000	 3.65422818
262.50000000	 3.65014815
263.00000000	 3.64607812
263.50000000	 3.64202809
264.00000000	 3.63798806
264.50000000	 3.63396802
265.00000000	 3.62996800
265.50000000	 3.62596797
266.00000000	 3.62199794
266.50000000	 3.61802791
267.00000000	 3.61408788
267.50000000	 3.61014785
268.00000000	 3.60623782
268.50000000	 3.60232780
269.00000000	 3.59843776
269.50000000	 3.59456774
270.00000000	 3.59069771
270.50000000	 3.58685768
271.00000000	 3.58301765
271.50000000	 3.57920762
272.00000000	 3.57539760
272.50000000	 3.57160757
273.00000000	 3.56782754
273.50000000	 3.56406751
274.00000000	 3.56031749
274.50000000	 3.55657747
275.00000000	 3.55284744
275.50000000	 3.54913740
276.00000000	 3.54544738
276.50000000	 3.54175736
277.00000000	 3.53808732
277.50000000	 3.53443730
278.00000000	 3.53078728
278.50000000	 3.52715725
279.00000000	 3.52353723
279.50000000	 3.51992720
280.00000000	 3.51633717
280.50000000	 3.51275715
281.00000000	 3.50918712
281.50000000	 3.50563709
282.00000000	 3.50209707
282.50000000	 3.49856705
283.00000000	 3.49504703
283.50000000	 3.49153700
284.00000000	 3.48804697
284.50000000	 3.48456695
285.00000000	 3.48109693
285.50000000	 3.47763690
286.00000000	 3.47419688
286.50000000	 3.47075686
287.00000000	 3.46733683
287.50000000	 3.46392680
288.00000000	 3.46053678
288.50000000	 3.45714676
289.00000000	 3.45377674
289.50000000	 3.45040672
290.00000000	 3.44705669
290.50000000	 3.44371667
291.00000000	 3.44038664
291.50000000	 3.43707662
292.00000000	 3.43376660
292.50000000	 3.43047658
293.00000000	 3.42718656
293.50000000	 3.42391653
294.00000000	 3.42065651
294.50000000	 3.41740649
295.00000000	 3.41416647
295.50000000	 3.41093644
296.00000000	 3.40772642
296.50000000	 3.40451641
297.00000000	 3.40131638
297.50000000	 3.39813636
298.00000000	 3.39495634
298.50000000	 3.39179631
299.00000000	 3.38864630
299.50000000	 3.38549628
300.00000000	 3.38236625
300.50000000	 3.37924623
301.00000000	 3.37613621
301.50000000	 3.37303619
302.00000000	 3.36994618
302.50000000	 3.36685616
303.00000000	 3.36378613
303.50000000	 3.36072611
304.00000000	 3.35767609
304.50000000	 3.35463607
305.00000000	 3.35160605
305.50000000	 3.34858603
306.00000000	 3.34557601
306.50000000	 3.34257599
307.00000000	 3.33958597
307.50000000	 3.33660596
308.00000000	 3.33362594
308.50000000	 3.33066591
309.00000000	 3.32771589
309.50000000	 3.32477588
310.00000000	 3.32183586
310.50000000	 3.31891584
311.00000000	 3.31599582
311.50000000	 3.31309580
312.00000000	 3.31019579
312.50000000	 3.30730576
313.00000000	 3.30443574
313.50000000	 3.30156573
314.00000000	 3.29870571
314.50000000	 3.29585569
315.00000000	 3.29301568
315.50000000	 3.29017566
316.00000000	 3.28735563
316.50000000	 3.28454562
317.00000000	 3.28173560
317.50000000	 3.27894558
318.00000000	 3.27615557
318.50000000	 3.27337555
319.00000000	 3.27060553
319.50000000	 3.26784552
320.00000000	 3.26508550
320.50000000	 3.26234548
321.00000000	 3.25960546
321.50000000	 3.25688544
322.00000000	 3.25416543
322.50000000	 3.25145541
323.00000000	 3.24875540
323.50000000	 3.24605538
324.00000000	 3.24337536
324.50000000	 3.24069535
325.00000000	 3.23802533
325.50000000	 3.23536531
326.00000000	 3.23271529
326.50000000	 3.23007528
327.00000000	 3.22743527
327.50000000	 3.22480525
328.00000000	 3.22218523
328.50000000	 3.21957521
329.00000000	 3.21697520
329.50000000	 3.21437519
330.00000000	 3.21178517
330.50000000	 3.20920515
331.00000000	 3.20663513
331.50000000	 3.20407512
332.00000000	 3.20151511
332.50000000	 3.19896509
333.00000000	 3.19642507
333.50000000	 3.19389506
334.00000000	 3.19136504
334.50000000	 3.18885503
335.00000000	 3.18633502
335.50000000	 3.18383499
336.00000000	 3.18134498
336.50000000	 3.17885497
337.00000000	 3.17637496
337.50000000	 3.17389494
338.00000000	 3.17143492
338.50000000	 3.16897491
339.00000000	 3.16652489
339.50000000	 3.16408488
340.00000000	 3.16164487
340.50000000	 3.15921485
341.00000000	 3.15679484
341.50000000	 3.15437483
342.00000000	 3.15196481
342.50000000	 3.14956479
343.00000000	 3.14717478
343.50000000	 3.14478477
344.00000000	 3.14240475
344.50000000	 3.14003474
345.00000000	 3.13766472
345.50000000	 3.13531471
346.00000000	 3.13295470
346.50000000	 3.13061468
347.00000000	 3.12827467
347.50000000	 3.12594466
348.00000000	 3.12361464
348.50000000	 3.12130462
349.00000000	 3.11899462
349.50000000	 3.11668461
350.00000000	 3.11438459
350.50000000	 3.11209457
351.00000000	 3.10981456
351.50000000	 3.10753455
352.00000000	 3.10526454
352.50000000	 3.10299453
353.00000000	 3.10073451
353.50000000	 3.09848449
354.00000000	 3.09624448
354.50000000	 3.09400447
355.00000000	 3.09177446
355.50000000	 3.08954445
356.00000000	 3.08732443
356.50000000	 3.08511442
357.00000000	 3.08290441
357.50000000	 3.08070440
358.00000000	 3.07850439
358.50000000	 3.07631437
359.00000000	 3.07413436
359.50000000	 3.07195435
360.00000000	 3.06978433
360.50000000	 3.06762432
361.00000000	 3.06546431
361.50000000	 3.06331430
362.00000000	 3.06116429
362.50000000	 3.05902427
363.00000000	 3.05689426
363.50000000	 3.05476425
364.00000000	 3.05264424
364.50000000	 3.05052423
365.00000000	 3.04841421
365.50000000	 3.04631420
366.00000000	 3.04421419
366.50000000	 3.04212418
367.00000000	 3.04003417
367.50000000	 3.03795415
368.00000000	 3.03588414
368.50000000	 3.03381414
369.00000000	 3.03174413
369.50000000	 3.02968411
370.00000000	 3.02763409
370.50000000	 3.02559409
371.00000000	 3.02354408
371.50000000	 3.02151406
372.00000000	 3.01948406
372.50000000	 3.01745404
373.00000000	 3.01544403
373.50000000	 3.01342403
374.00000000	 3.01141401
374.50000000	 3.00941400
375.00000000	 3.00741399
375.50000000	 3.00542397
376.00000000	 3.00344396
376.50000000	 3.00146396
377.00000000	 2.99948395
377.50000000	 2.99751393
378.00000000	 2.99555392
378.50000000	 2.99359392
379.00000000	 2.99163391
379.50000000	 2.98968389
380.00000000	 2.98774388
380.50000000	 2.98580387
381.00000000	 2.98387386
381.50000000	 2.98194385
382.00000000	 2.98002384
382.50000000	 2.97810383
383.00000000	 2.97619382
383.50000000	 2.97428381
384.00000000	 2.97238380
384.50000000	 2.97048379
385.00000000	 2.96859378
385.50000000	 2.96670377
386.00000000	 2.96482376
386.50000000	 2.96294375
387.00000000	 2.96107374
387.50000000	 2.95920373
388.00000000	 2.95734372
388.50000000	 2.95548371
389.00000000	 2.95363370
389.50000000	 2.95178369
390.00000000	 2.94994368
390.50000000	 2.94810368
391.00000000	 2.94626366
391.50000000	 2.94444365
392.00000000	 2.94261365
392.50000000	 2.94079363
393.00000000	 2.93898362
393.50000000	 2.93717361
394.00000000	 2.93537360
394.50000000	 2.93357360
395.00000000	 2.93177359
395.50000000	 2.92998358
396.00000000	 2.92819357
396.50000000	 2.92641356
397.00000000	 2.92463355
397.50000000	 2.92286354
398.00000000	 2.92109353
398.50000000	 2.91933352
399.00000000	 2.91757351
399.50000000	 2.91582349
400.00000000	 2.91408350
